-0.139311 -0.360676 -1
-0.0592996 -0.418949 0
-0.0592996 -0.418949 0
-0.0592996 -0.418949 0
0.0240438 -0.464626 1
0.1116 -0.490619 4
0.200341 -0.493329 5
-0.0617436 -0.422165 0
-0.0592996 -0.418949 0
0.1116 -0.490619 4
-0.0592996 -0.418949 0
0.284751 -0.471556 6
0.358254 -0.426542 11
0.422921 -0.357347 12
-0.0592996 -0.418949 0
0.486428 -0.280996 13
-0.0592996 -0.418949 0
-0.0592996 -0.418949 0
-0.0592996 -0.418949 0
0.555314 -0.209379 15
0.485238 -0.279222 13
-0.0592996 -0.418949 0
0.11515 -0.493469 4
0.414451 -0.361972 12
0.448146 -0.283666 23
0.45611 -0.199001 24
0.00458103 -0.490235 7
0.619155 -0.135805 19
0.367535 -0.424838 11
0.437547 -0.11614 25
0.212714 -0.512673 22
0.392595 -0.0375613 29
0.309518 -0.535428 30
0.405516 -0.562852 32
0.116663 -0.496013 4
0.500828 -0.590596 33
-0.0617436 -0.422165 0
0.673349 -0.0534 27
0.451284 -0.371554 28
0.451284 -0.371554 28
0.460279 -0.190075 24
0.543952 -0.19982 20
0.0240438 -0.464626 1
0.728811 0.0275865 37
0.667331 -0.0559326 27
0.464877 -0.0902695 40
0.69748 0.0337607 44
0.293736 -0.472811 6
0.793701 0.102226 43
0.714931 0.130612 46
-0.0592996 -0.418949 0
0.85585 0.177938 48
0.555403 -0.21479 15
0.726158 0.0308748 37
0.451284 -0.371554 28
0.63312 -0.165997 52
0.793237 0.096061 43
0.594994 -0.606631 35
0.686628 -0.603246 57
0.594994 -0.606631 35
0.722575 0.22779 49
0.793237 0.096061 43
0.713998 0.320735 60
0.780163 -0.578963 58
-0.0592996 -0.418949 0
0.685022 0.406069 62
0.00458103 -0.490235 7
0.633891 0.487423 65
-0.0617436 -0.422165 0
-0.0592996 -0.418949 0
0.578106 0.569309 67
0.358254 -0.426542 11
-0.0592996 -0.418949 0
0.529304 0.655751 70
0.469599 0.00882106 45
0.574936 0.566797 67
0.0240438 -0.464626 1
0.0240438 -0.464626 1
0.635496 0.478817 65
0.568258 0.533546 78
0.477572 0.738476 73
0.0240438 -0.464626 1
0.534639 0.654 70
0.488552 0.565584 79
0.310095 -0.533457 30
0.717349 0.326304 60
0.793237 0.096061 43
0.358254 -0.426542 11
0.403361 0.571964 83
0.414398 0.812164 80
-0.0592996 -0.418949 0
0.868559 0.146395 56
0.394517 0.575978 83
0.510805 0.742289 82
0.34323 0.881773 89
0.295322 0.581031 92
-0.0592996 -0.418949 0
0.00458103 -0.490235 7
0.278853 0.954216 94
0.414451 -0.361972 12
0.274141 0.953469 94
0.510198 0.831144 93
-0.0592996 -0.418949 0
-0.0592996 -0.418949 0
-0.0592996 -0.418949 0
-0.0592996 -0.418949 0
0.506573 0.838746 93
0.714066 0.42439 85
0.700127 0.0355484 44
0.0567648 -0.570292 26
0.725452 0.517699 107
0.53392 0.915075 101
0.202005 1.01802 100
0.722179 0.522953 107
-0.0592996 -0.418949 0
0.727473 0.620769 113
0.580599 0.987564 111
0.793237 0.096061 43
0.651232 1.05067 116
0.756378 0.602836 110
0.394517 0.575978 83
0.793237 0.096061 43
0.952288 0.174459 91
0.555403 -0.21479 15
0.718013 -0.139066 55
0.466887 -0.0909431 40
0.12275 1.06617 112
0.508803 0.634835 75
0.537214 -0.329859 38
0.210156 -0.527292 34
0.342597 0.876941 89
0.631238 -0.302381 128
0.320583 0.552022 88
-0.0592996 -0.418949 0
0.448146 -0.283666 23
0.505104 0.937713 106
0.793237 0.096061 43
0.508803 0.634835 75
0.771903 -0.577697 58
0.756295 0.607557 110
0.0313333 1.09858 126
0.720933 0.719381 115
0.1116 -0.490619 4
0.555403 -0.21479 15
1.03911 0.1776 122
0.49155 1.03178 135
0.498989 -0.594247 33
-0.0625091 1.12968 140
0.771903 -0.577697 58
0.793237 0.096061 43
0.46099 1.12467 145
0.0258436 -0.46776 1
0.432732 0.685171 127
0.649727 1.04698 116
0.505104 0.937713 106
0.532863 0.924068 101
-0.0592996 -0.418949 0
1.04749 0.181346 122
0.263522 0.925222 130
0.212357 -0.510533 22
0.807267 0.674996 119
-0.0592996 -0.418949 0
0.626143 -0.307529 128
-0.153337 1.1695 147
-0.245368 1.20767 163
0.230762 1.03362 98
0.508803 0.634835 75
0.00458103 -0.490235 7
0.00458103 -0.490235 7
0.793237 0.096061 43
0.692954 -0.606767 57
0.594994 -0.606631 35
-0.0592996 -0.418949 0
0.793237 0.096061 43
-0.0639234 1.12589 140
0.958637 0.180316 91
0.793237 0.096061 43
-0.157982 1.14066 174
0.532863 0.924068 101
0.469599 0.00882106 45
0.115293 -0.511506 151
-0.249308 1.13569 177
0.202005 1.01802 100
-0.0592996 -0.418949 0
-0.0617436 -0.422165 0
1.04431 0.179317 122
0.667331 -0.0559326 27
-0.0592996 -0.418949 0
0.479982 0.742236 73
0.562761 1.01948 155
0.320583 0.552022 88
0.546305 -0.200058 20
0.728081 0.0300797 37
0.793237 0.096061 43
0.724713 0.229668 49
0.263522 0.925222 130
0.459721 1.11738 145
0.592536 -0.114787 41
0.578106 0.569309 67
0.589201 -0.635201 146
0.439724 0.829829 188
0.17407 0.955074 158
0.714066 0.42439 85
0.868559 0.146395 56
0.394253 -0.0431759 29
-0.0592996 -0.418949 0
0.532863 0.924068 101
0.726755 0.229474 49
-0.0592996 -0.418949 0
0.230762 1.03362 98
0.00458103 -0.490235 7
0.589201 -0.635201 146
0.178 0.95211 158
0.50713 0.938744 106
0.793237 0.096061 43
0.538864 -0.324655 38
-0.0617436 -0.422165 0
0.731856 1.09236 153
0.868559 0.146395 56
0.41545 0.808255 80
0.560575 1.01928 155
-0.342258 1.10955 181
0.646424 1.04231 116
0.85585 0.177938 48
0.871283 0.150247 56
0.342523 0.719355 152
0.40808 -0.548133 84
0.500893 -0.592748 33
0.1116 -0.490619 4
0.500893 -0.592748 33
0.212017 -0.523647 34
0.505777 -0.55476 226
-0.2443 1.20511 163
-0.2443 1.20511 163
0.807267 0.674996 119
0.247716 0.747748 225
0.793237 0.096061 43
0.464877 -0.0902695 40
0.153947 0.763096 235
0.358254 -0.426542 11
0.635496 0.478817 65
0.793237 0.096061 43
0.793237 0.096061 43
0.807267 0.674996 119
-0.333908 1.10848 181
0.582506 0.996796 111
0.619155 -0.135805 19
0.952288 0.174459 91
-0.153337 1.1695 147
0.793237 0.096061 43
0.0627489 0.758454 238
0.432732 0.685171 127
0.793237 0.096061 43
0.0766059 0.97406 201
0.278853 0.954216 94
-0.0269199 0.73151 250
0.0240438 -0.464626 1
0.722575 0.22779 49
0.448146 -0.283666 23
-0.111617 0.688512 255
-0.244485 1.20952 163
0.45611 -0.199001 24
0.635496 0.478817 65
0.793237 0.096061 43
0.454838 -0.276538 23
0.531575 0.655832 70
0.295322 0.581031 92
0.198349 1.12507 165
0.41545 0.808255 80
0.793237 0.096061 43
-0.189739 0.629718 259
-0.182415 0.630874 259
0.604387 -0.120054 191
0.686227 0.413887 62
0.460279 -0.190075 24
0.405673 -0.560771 32
0.903085 0.258982 51
-0.266286 0.566507 270
0.419188 -0.358772 12
-0.332532 0.497675 277
0.0240438 -0.464626 1
0.728081 0.0300797 37
0.793237 0.096061 43
0.464877 -0.0902695 40
0.0240438 -0.464626 1
-0.384969 0.417458 279
0.172173 0.957741 158
0.746347 0.323926 207
0.394253 -0.0431759 29
0.0561702 0.761853 238
-0.0617436 -0.422165 0
-0.425077 0.330168 285
0.679622 -0.672459 199
-0.0592996 -0.418949 0
-0.451469 0.235633 291
0.506573 0.838746 93
-0.427952 0.328525 285
0.686227 0.413887 62
0.727473 0.620769 113
-0.0639234 1.12589 140
-0.0592996 -0.418949 0
0.756295 0.607557 110
0.952288 0.174459 91
0.00458103 -0.490235 7
0.793237 0.096061 43
0.505777 -0.55476 226
0.793237 0.096061 43
0.793237 0.096061 43
0.0903271 0.954715 212
0.510805 0.742289 82
0.722075 -0.136074 55
-0.0592996 -0.418949 0
0.00458103 -0.490235 7
-0.406223 1.05971 244
0.506573 0.838746 93
0.00458103 -0.490235 7
0.00458103 -0.490235 7
0.599147 -0.546082 231
0.405881 -0.545884 84
-0.446414 0.24055 291
0.0240438 -0.464626 1
0.484037 0.568999 79
-0.460495 0.992711 313
-0.446565 0.146516 319
-0.0592996 -0.418949 0
0.397928 0.57384 83
0.781765 0.413553 287
-0.0592996 -0.418949 0
0.726158 0.0308748 37
0.635496 0.478817 65
-0.431685 0.0494185 323
0.722575 0.22779 49
0.730325 0.130867 108
-0.408399 -0.0473034 330
0.568258 0.533546 78
0.0561702 0.761853 238
-0.379186 -0.141101 333
0.278853 0.954216 94
-0.478403 0.140961 294
-0.337981 0.497728 277
-0.425077 0.330168 285
-0.234635 0.559105 271
0.623563 -0.13688 19
0.00458103 -0.490235 7
0.448146 -0.283666 23
0.466887 -0.0909431 40
0.00458103 -0.490235 7
0.482785 -0.279096 13
0.780611 0.416051 287
-0.0437115 0.758149 289
-0.382722 -0.143358 333
-0.0024783 0.933291 308
-0.253576 1.13718 177
0.488552 0.565584 79
0.773903 -0.696154 292
0.482785 -0.279096 13
-0.351946 1.12259 352
-0.351946 1.12259 352
0.71259 0.128021 46
0.00808217 -0.49113 7
-0.445006 0.151263 319
0.695943 -0.0692902 342
