-0.0592996 -0.418949 -0.139311 -0.360676
-0.0592996 -0.418949 -0.139311 -0.360676
-0.0592996 -0.418949 -0.139311 -0.360676
0.0240438 -0.464626 -0.0592996 -0.418949
0.1116 -0.490619 0.0240438 -0.464626
0.200341 -0.493329 0.1116 -0.490619
-0.0617436 -0.422165 -0.139311 -0.360676
-0.0592996 -0.418949 -0.139311 -0.360676
0.1116 -0.490619 0.0240438 -0.464626
-0.0592996 -0.418949 -0.139311 -0.360676
0.284751 -0.471556 0.200341 -0.493329
0.358254 -0.426542 0.284751 -0.471556
0.422921 -0.357347 0.358254 -0.426542
-0.0592996 -0.418949 -0.139311 -0.360676
0.486428 -0.280996 0.422921 -0.357347
-0.0592996 -0.418949 -0.139311 -0.360676
-0.0592996 -0.418949 -0.139311 -0.360676
-0.0592996 -0.418949 -0.139311 -0.360676
0.555314 -0.209379 0.486428 -0.280996
0.485238 -0.279222 0.422921 -0.357347
-0.0592996 -0.418949 -0.139311 -0.360676
0.11515 -0.493469 0.0240438 -0.464626
0.414451 -0.361972 0.358254 -0.426542
0.448146 -0.283666 0.414451 -0.361972
0.45611 -0.199001 0.448146 -0.283666
0.00458103 -0.490235 -0.0617436 -0.422165
0.619155 -0.135805 0.555314 -0.209379
0.367535 -0.424838 0.284751 -0.471556
0.437547 -0.11614 0.45611 -0.199001
0.212714 -0.512673 0.11515 -0.493469
0.392595 -0.0375613 0.437547 -0.11614
0.309518 -0.535428 0.212714 -0.512673
0.405516 -0.562852 0.309518 -0.535428
0.116663 -0.496013 0.0240438 -0.464626
0.500828 -0.590596 0.405516 -0.562852
-0.0617436 -0.422165 -0.139311 -0.360676
0.673349 -0.0534 0.619155 -0.135805
0.451284 -0.371554 0.367535 -0.424838
0.451284 -0.371554 0.367535 -0.424838
0.460279 -0.190075 0.448146 -0.283666
0.543952 -0.19982 0.485238 -0.279222
0.0240438 -0.464626 -0.0592996 -0.418949
0.728811 0.0275865 0.673349 -0.0534
0.667331 -0.0559326 0.619155 -0.135805
0.464877 -0.0902695 0.460279 -0.190075
0.69748 0.0337607 0.667331 -0.0559326
0.293736 -0.472811 0.200341 -0.493329
0.793701 0.102226 0.728811 0.0275865
0.714931 0.130612 0.69748 0.0337607
-0.0592996 -0.418949 -0.139311 -0.360676
0.85585 0.177938 0.793701 0.102226
0.555403 -0.21479 0.486428 -0.280996
0.726158 0.0308748 0.673349 -0.0534
0.451284 -0.371554 0.367535 -0.424838
0.63312 -0.165997 0.555403 -0.21479
0.793237 0.096061 0.728811 0.0275865
0.594994 -0.606631 0.500828 -0.590596
0.686628 -0.603246 0.594994 -0.606631
0.594994 -0.606631 0.500828 -0.590596
0.722575 0.22779 0.714931 0.130612
0.793237 0.096061 0.728811 0.0275865
0.713998 0.320735 0.722575 0.22779
0.780163 -0.578963 0.686628 -0.603246
-0.0592996 -0.418949 -0.139311 -0.360676
0.685022 0.406069 0.713998 0.320735
0.00458103 -0.490235 -0.0617436 -0.422165
0.633891 0.487423 0.685022 0.406069
-0.0617436 -0.422165 -0.139311 -0.360676
-0.0592996 -0.418949 -0.139311 -0.360676
0.578106 0.569309 0.633891 0.487423
0.358254 -0.426542 0.284751 -0.471556
-0.0592996 -0.418949 -0.139311 -0.360676
0.529304 0.655751 0.578106 0.569309
0.469599 0.00882106 0.464877 -0.0902695
0.574936 0.566797 0.633891 0.487423
0.0240438 -0.464626 -0.0592996 -0.418949
0.0240438 -0.464626 -0.0592996 -0.418949
0.635496 0.478817 0.685022 0.406069
0.568258 0.533546 0.635496 0.478817
0.477572 0.738476 0.529304 0.655751
0.0240438 -0.464626 -0.0592996 -0.418949
0.534639 0.654 0.578106 0.569309
0.488552 0.565584 0.568258 0.533546
0.310095 -0.533457 0.212714 -0.512673
0.717349 0.326304 0.722575 0.22779
0.793237 0.096061 0.728811 0.0275865
0.358254 -0.426542 0.284751 -0.471556
0.403361 0.571964 0.488552 0.565584
0.414398 0.812164 0.477572 0.738476
-0.0592996 -0.418949 -0.139311 -0.360676
0.868559 0.146395 0.793237 0.096061
0.394517 0.575978 0.488552 0.565584
0.510805 0.742289 0.534639 0.654
0.34323 0.881773 0.414398 0.812164
0.295322 0.581031 0.394517 0.575978
-0.0592996 -0.418949 -0.139311 -0.360676
0.00458103 -0.490235 -0.0617436 -0.422165
0.278853 0.954216 0.34323 0.881773
0.414451 -0.361972 0.358254 -0.426542
0.274141 0.953469 0.34323 0.881773
0.510198 0.831144 0.510805 0.742289
-0.0592996 -0.418949 -0.139311 -0.360676
-0.0592996 -0.418949 -0.139311 -0.360676
-0.0592996 -0.418949 -0.139311 -0.360676
-0.0592996 -0.418949 -0.139311 -0.360676
0.506573 0.838746 0.510805 0.742289
0.714066 0.42439 0.717349 0.326304
0.700127 0.0355484 0.667331 -0.0559326
0.0567648 -0.570292 0.00458103 -0.490235
0.725452 0.517699 0.714066 0.42439
0.53392 0.915075 0.510198 0.831144
0.202005 1.01802 0.274141 0.953469
0.722179 0.522953 0.714066 0.42439
-0.0592996 -0.418949 -0.139311 -0.360676
0.727473 0.620769 0.722179 0.522953
0.580599 0.987564 0.53392 0.915075
0.793237 0.096061 0.728811 0.0275865
0.651232 1.05067 0.580599 0.987564
0.756378 0.602836 0.725452 0.517699
0.394517 0.575978 0.488552 0.565584
0.793237 0.096061 0.728811 0.0275865
0.952288 0.174459 0.868559 0.146395
0.555403 -0.21479 0.486428 -0.280996
0.718013 -0.139066 0.63312 -0.165997
0.466887 -0.0909431 0.460279 -0.190075
0.12275 1.06617 0.202005 1.01802
0.508803 0.634835 0.574936 0.566797
0.537214 -0.329859 0.451284 -0.371554
0.210156 -0.527292 0.116663 -0.496013
0.342597 0.876941 0.414398 0.812164
0.631238 -0.302381 0.537214 -0.329859
0.320583 0.552022 0.403361 0.571964
-0.0592996 -0.418949 -0.139311 -0.360676
0.448146 -0.283666 0.414451 -0.361972
0.505104 0.937713 0.506573 0.838746
0.793237 0.096061 0.728811 0.0275865
0.508803 0.634835 0.574936 0.566797
0.771903 -0.577697 0.686628 -0.603246
0.756295 0.607557 0.725452 0.517699
0.0313333 1.09858 0.12275 1.06617
0.720933 0.719381 0.727473 0.620769
0.1116 -0.490619 0.0240438 -0.464626
0.555403 -0.21479 0.486428 -0.280996
1.03911 0.1776 0.952288 0.174459
0.49155 1.03178 0.505104 0.937713
0.498989 -0.594247 0.405516 -0.562852
-0.0625091 1.12968 0.0313333 1.09858
0.771903 -0.577697 0.686628 -0.603246
0.793237 0.096061 0.728811 0.0275865
0.46099 1.12467 0.49155 1.03178
0.0258436 -0.46776 -0.0592996 -0.418949
0.432732 0.685171 0.508803 0.634835
0.649727 1.04698 0.580599 0.987564
0.505104 0.937713 0.506573 0.838746
0.532863 0.924068 0.510198 0.831144
-0.0592996 -0.418949 -0.139311 -0.360676
1.04749 0.181346 0.952288 0.174459
0.263522 0.925222 0.342597 0.876941
0.212357 -0.510533 0.11515 -0.493469
0.807267 0.674996 0.756378 0.602836
-0.0592996 -0.418949 -0.139311 -0.360676
0.626143 -0.307529 0.537214 -0.329859
-0.153337 1.1695 -0.0625091 1.12968
-0.245368 1.20767 -0.153337 1.1695
0.230762 1.03362 0.278853 0.954216
0.508803 0.634835 0.574936 0.566797
0.00458103 -0.490235 -0.0617436 -0.422165
0.00458103 -0.490235 -0.0617436 -0.422165
0.793237 0.096061 0.728811 0.0275865
0.692954 -0.606767 0.594994 -0.606631
0.594994 -0.606631 0.500828 -0.590596
-0.0592996 -0.418949 -0.139311 -0.360676
0.793237 0.096061 0.728811 0.0275865
-0.0639234 1.12589 0.0313333 1.09858
0.958637 0.180316 0.868559 0.146395
0.793237 0.096061 0.728811 0.0275865
-0.157982 1.14066 -0.0639234 1.12589
0.532863 0.924068 0.510198 0.831144
0.469599 0.00882106 0.464877 -0.0902695
0.115293 -0.511506 0.0258436 -0.46776
-0.249308 1.13569 -0.157982 1.14066
0.202005 1.01802 0.274141 0.953469
-0.0592996 -0.418949 -0.139311 -0.360676
-0.0617436 -0.422165 -0.139311 -0.360676
1.04431 0.179317 0.952288 0.174459
0.667331 -0.0559326 0.619155 -0.135805
-0.0592996 -0.418949 -0.139311 -0.360676
0.479982 0.742236 0.529304 0.655751
0.562761 1.01948 0.532863 0.924068
0.320583 0.552022 0.403361 0.571964
0.546305 -0.200058 0.485238 -0.279222
0.728081 0.0300797 0.673349 -0.0534
0.793237 0.096061 0.728811 0.0275865
0.724713 0.229668 0.714931 0.130612
0.263522 0.925222 0.342597 0.876941
0.459721 1.11738 0.49155 1.03178
0.592536 -0.114787 0.543952 -0.19982
0.578106 0.569309 0.633891 0.487423
0.589201 -0.635201 0.498989 -0.594247
0.439724 0.829829 0.479982 0.742236
0.17407 0.955074 0.263522 0.925222
0.714066 0.42439 0.717349 0.326304
0.868559 0.146395 0.793237 0.096061
0.394253 -0.0431759 0.437547 -0.11614
-0.0592996 -0.418949 -0.139311 -0.360676
0.532863 0.924068 0.510198 0.831144
0.726755 0.229474 0.714931 0.130612
-0.0592996 -0.418949 -0.139311 -0.360676
0.230762 1.03362 0.278853 0.954216
0.00458103 -0.490235 -0.0617436 -0.422165
0.589201 -0.635201 0.498989 -0.594247
0.178 0.95211 0.263522 0.925222
0.50713 0.938744 0.506573 0.838746
0.793237 0.096061 0.728811 0.0275865
0.538864 -0.324655 0.451284 -0.371554
-0.0617436 -0.422165 -0.139311 -0.360676
0.731856 1.09236 0.649727 1.04698
0.868559 0.146395 0.793237 0.096061
0.41545 0.808255 0.477572 0.738476
0.560575 1.01928 0.532863 0.924068
-0.342258 1.10955 -0.249308 1.13569
0.646424 1.04231 0.580599 0.987564
0.85585 0.177938 0.793701 0.102226
0.871283 0.150247 0.793237 0.096061
0.342523 0.719355 0.432732 0.685171
0.40808 -0.548133 0.310095 -0.533457
0.500893 -0.592748 0.405516 -0.562852
0.1116 -0.490619 0.0240438 -0.464626
0.500893 -0.592748 0.405516 -0.562852
0.212017 -0.523647 0.116663 -0.496013
0.505777 -0.55476 0.40808 -0.548133
-0.2443 1.20511 -0.153337 1.1695
-0.2443 1.20511 -0.153337 1.1695
0.807267 0.674996 0.756378 0.602836
0.247716 0.747748 0.342523 0.719355
0.793237 0.096061 0.728811 0.0275865
0.464877 -0.0902695 0.460279 -0.190075
0.153947 0.763096 0.247716 0.747748
0.358254 -0.426542 0.284751 -0.471556
0.635496 0.478817 0.685022 0.406069
0.793237 0.096061 0.728811 0.0275865
0.793237 0.096061 0.728811 0.0275865
0.807267 0.674996 0.756378 0.602836
-0.333908 1.10848 -0.249308 1.13569
0.582506 0.996796 0.53392 0.915075
0.619155 -0.135805 0.555314 -0.209379
0.952288 0.174459 0.868559 0.146395
-0.153337 1.1695 -0.0625091 1.12968
0.793237 0.096061 0.728811 0.0275865
0.0627489 0.758454 0.153947 0.763096
0.432732 0.685171 0.508803 0.634835
0.793237 0.096061 0.728811 0.0275865
0.0766059 0.97406 0.17407 0.955074
0.278853 0.954216 0.34323 0.881773
-0.0269199 0.73151 0.0627489 0.758454
0.0240438 -0.464626 -0.0592996 -0.418949
0.722575 0.22779 0.714931 0.130612
0.448146 -0.283666 0.414451 -0.361972
-0.111617 0.688512 -0.0269199 0.73151
-0.244485 1.20952 -0.153337 1.1695
0.45611 -0.199001 0.448146 -0.283666
0.635496 0.478817 0.685022 0.406069
0.793237 0.096061 0.728811 0.0275865
0.454838 -0.276538 0.414451 -0.361972
0.531575 0.655832 0.578106 0.569309
0.295322 0.581031 0.394517 0.575978
0.198349 1.12507 0.230762 1.03362
0.41545 0.808255 0.477572 0.738476
0.793237 0.096061 0.728811 0.0275865
-0.189739 0.629718 -0.111617 0.688512
-0.182415 0.630874 -0.111617 0.688512
0.604387 -0.120054 0.546305 -0.200058
0.686227 0.413887 0.713998 0.320735
0.460279 -0.190075 0.448146 -0.283666
0.405673 -0.560771 0.309518 -0.535428
0.903085 0.258982 0.85585 0.177938
-0.266286 0.566507 -0.189739 0.629718
0.419188 -0.358772 0.358254 -0.426542
-0.332532 0.497675 -0.266286 0.566507
0.0240438 -0.464626 -0.0592996 -0.418949
0.728081 0.0300797 0.673349 -0.0534
0.793237 0.096061 0.728811 0.0275865
0.464877 -0.0902695 0.460279 -0.190075
0.0240438 -0.464626 -0.0592996 -0.418949
-0.384969 0.417458 -0.332532 0.497675
0.172173 0.957741 0.263522 0.925222
0.746347 0.323926 0.726755 0.229474
0.394253 -0.0431759 0.437547 -0.11614
0.0561702 0.761853 0.153947 0.763096
-0.0617436 -0.422165 -0.139311 -0.360676
-0.425077 0.330168 -0.384969 0.417458
0.679622 -0.672459 0.589201 -0.635201
-0.0592996 -0.418949 -0.139311 -0.360676
-0.451469 0.235633 -0.425077 0.330168
0.506573 0.838746 0.510805 0.742289
-0.427952 0.328525 -0.384969 0.417458
0.686227 0.413887 0.713998 0.320735
0.727473 0.620769 0.722179 0.522953
-0.0639234 1.12589 0.0313333 1.09858
-0.0592996 -0.418949 -0.139311 -0.360676
0.756295 0.607557 0.725452 0.517699
0.952288 0.174459 0.868559 0.146395
0.00458103 -0.490235 -0.0617436 -0.422165
0.793237 0.096061 0.728811 0.0275865
0.505777 -0.55476 0.40808 -0.548133
0.793237 0.096061 0.728811 0.0275865
0.793237 0.096061 0.728811 0.0275865
0.0903271 0.954715 0.178 0.95211
0.510805 0.742289 0.534639 0.654
0.722075 -0.136074 0.63312 -0.165997
-0.0592996 -0.418949 -0.139311 -0.360676
0.00458103 -0.490235 -0.0617436 -0.422165
-0.406223 1.05971 -0.333908 1.10848
0.506573 0.838746 0.510805 0.742289
0.00458103 -0.490235 -0.0617436 -0.422165
0.00458103 -0.490235 -0.0617436 -0.422165
0.599147 -0.546082 0.505777 -0.55476
0.405881 -0.545884 0.310095 -0.533457
-0.446414 0.24055 -0.425077 0.330168
0.0240438 -0.464626 -0.0592996 -0.418949
0.484037 0.568999 0.568258 0.533546
-0.460495 0.992711 -0.406223 1.05971
-0.446565 0.146516 -0.446414 0.24055
-0.0592996 -0.418949 -0.139311 -0.360676
0.397928 0.57384 0.488552 0.565584
0.781765 0.413553 0.746347 0.323926
-0.0592996 -0.418949 -0.139311 -0.360676
0.726158 0.0308748 0.673349 -0.0534
0.635496 0.478817 0.685022 0.406069
-0.431685 0.0494185 -0.446565 0.146516
0.722575 0.22779 0.714931 0.130612
0.730325 0.130867 0.700127 0.0355484
-0.408399 -0.0473034 -0.431685 0.0494185
0.568258 0.533546 0.635496 0.478817
0.0561702 0.761853 0.153947 0.763096
-0.379186 -0.141101 -0.408399 -0.0473034
0.278853 0.954216 0.34323 0.881773
-0.478403 0.140961 -0.451469 0.235633
-0.337981 0.497728 -0.266286 0.566507
-0.425077 0.330168 -0.384969 0.417458
-0.234635 0.559105 -0.182415 0.630874
0.623563 -0.13688 0.555314 -0.209379
0.00458103 -0.490235 -0.0617436 -0.422165
0.448146 -0.283666 0.414451 -0.361972
0.466887 -0.0909431 0.460279 -0.190075
0.00458103 -0.490235 -0.0617436 -0.422165
0.482785 -0.279096 0.422921 -0.357347
0.780611 0.416051 0.746347 0.323926
-0.0437115 0.758149 0.0561702 0.761853
-0.382722 -0.143358 -0.408399 -0.0473034
-0.0024783 0.933291 0.0903271 0.954715
-0.253576 1.13718 -0.157982 1.14066
0.488552 0.565584 0.568258 0.533546
0.773903 -0.696154 0.679622 -0.672459
0.482785 -0.279096 0.422921 -0.357347
-0.351946 1.12259 -0.253576 1.13718
-0.351946 1.12259 -0.253576 1.13718
0.71259 0.128021 0.69748 0.0337607
0.00808217 -0.49113 -0.0617436 -0.422165
-0.445006 0.151263 -0.446414 0.24055
0.695943 -0.0692902 0.623563 -0.13688
