1.1587 1.5747
1.1524 1.5748
1.1462 1.5748
1.1400 1.5748
1.1337 1.5749
1.1275 1.5749
1.1213 1.5749
1.1151 1.5750
1.1088 1.5750
1.1026 1.5750
1.0964 1.5751
1.0901 1.5751
1.0839 1.5752
1.0777 1.5752
1.0715 1.5752
1.0652 1.5753
1.0590 1.5753
1.0528 1.5753
1.0465 1.5754
1.0403 1.5754
1.0341 1.5754
1.0279 1.5755
1.0216 1.5755
1.0154 1.5756
1.0092 1.5756
1.0029 1.5756
0.9967 1.5757
0.9905 1.5757
0.9843 1.5757
0.9780 1.5758
0.9718 1.5758
0.9656 1.5758
0.9594 1.5759
0.9531 1.5759
0.9469 1.5760
0.9407 1.5760
0.9344 1.5760
0.9282 1.5761
0.9220 1.5761
0.9158 1.5761
0.9095 1.5762
0.9033 1.5762
0.8971 1.5762
0.8908 1.5763
0.8846 1.5763
0.8784 1.5764
0.8722 1.5764
0.8659 1.5764
0.8597 1.5765
0.8535 1.5765
0.8472 1.5765
0.8410 1.5766
0.8348 1.5766
0.8286 1.5766
0.8223 1.5767
0.8161 1.5767
0.8099 1.5768
0.8036 1.5768
0.7974 1.5768
0.7912 1.5769
0.7850 1.5769
0.7787 1.5769
0.7725 1.5770
0.7663 1.5770
0.7600 1.5770
0.7538 1.5771
0.7476 1.5771
0.7414 1.5772
0.7351 1.5772
0.7289 1.5772
0.7227 1.5773
0.7164 1.5773
0.7102 1.5773
0.7040 1.5774
0.6978 1.5774
0.6915 1.5774
0.6853 1.5775
0.6791 1.5775
0.6728 1.5776
0.6666 1.5776
0.6604 1.5776
0.6542 1.5777
0.6479 1.5777
0.6417 1.5777
0.6355 1.5778
0.6292 1.5778
0.6230 1.5778
0.6168 1.5779
0.6106 1.5779
0.6043 1.5780
0.5981 1.5780
0.5919 1.5780
0.5856 1.5781
0.5794 1.5781
0.5732 1.5781
0.5670 1.5782
0.5607 1.5782
0.5545 1.5782
0.5483 1.5783
0.5420 1.5783
0.5358 1.5784
0.5296 1.5784
0.5234 1.5784
0.5171 1.5785
0.5109 1.5785
0.5047 1.5785
0.4985 1.5786
0.4922 1.5786
0.4860 1.5787
0.4798 1.5787
0.4735 1.5787
0.4673 1.5788
0.4611 1.5788
0.4549 1.5788
0.4486 1.5789
0.4424 1.5789
0.4362 1.5789
0.4299 1.5790
0.4237 1.5790
0.4175 1.5791
0.4113 1.5791
0.4050 1.5791
0.3988 1.5792
0.3926 1.5792
0.3863 1.5792
0.3801 1.5793
0.3739 1.5793
0.3677 1.5793
0.3614 1.5794
0.3552 1.5794
0.3490 1.5795
0.3427 1.5795
0.3365 1.5795
0.3303 1.5796
0.3241 1.5796
0.3178 1.5796
0.3116 1.5797
0.3054 1.5797
0.2991 1.5797
0.2929 1.5798
0.2867 1.5798
0.2805 1.5799
0.2742 1.5799
0.2680 1.5799
0.2618 1.5800
0.2555 1.5800
0.2493 1.5800
0.2431 1.5801
0.2369 1.5801
0.2306 1.5801
0.2244 1.5802
0.2182 1.5802
0.2119 1.5803
0.2057 1.5803
0.1995 1.5803
0.1933 1.5804
0.1870 1.5804
0.1808 1.5804
0.1746 1.5805
0.1683 1.5805
0.1621 1.5805
0.1559 1.5806
0.1497 1.5806
0.1434 1.5807
0.1372 1.5807
0.1310 1.5807
0.1247 1.5808
0.1185 1.5808
0.1123 1.5808
0.1061 1.5809
0.0998 1.5809
0.0936 1.5809
0.0874 1.5810
0.0811 1.5810
0.0749 1.5811
0.0687 1.5811
0.0625 1.5811
0.0562 1.5812
0.0500 1.5812
0.0438 1.5812
0.0376 1.5813
0.0313 1.5813
0.0251 1.5813
0.0189 1.5814
0.0126 1.5814
0.0064 1.5815
0.0002 1.5815
-0.0060 1.5815
-0.0123 1.5816
-0.0185 1.5816
-0.0247 1.5816
-0.0310 1.5817
-0.0372 1.5817
-0.0434 1.5817
-0.0496 1.5818
-0.0559 1.5818
-0.0621 1.5819
-0.0683 1.5819
-0.0746 1.5819
-0.0808 1.5820
-0.0870 1.5820
-0.0932 1.5820
-0.0995 1.5821
-0.1057 1.5821
-0.1119 1.5821
-0.1182 1.5822
-0.1244 1.5822
-0.1306 1.5823
-0.1368 1.5823
-0.1431 1.5823
-0.1493 1.5824
-0.1555 1.5824
-0.1618 1.5824
-0.1680 1.5825
-0.1742 1.5825
-0.1804 1.5826
-0.1867 1.5826
-0.1929 1.5826
-0.1991 1.5827
-0.2054 1.5827
-0.2116 1.5827
-0.2178 1.5828
-0.2240 1.5828
-0.2303 1.5828
-0.2365 1.5829
-0.2427 1.5829
-0.2490 1.5830
-0.2552 1.5830
-0.2614 1.5830
-0.2676 1.5831
-0.2739 1.5831
-0.2801 1.5831
-0.2863 1.5832
-0.2926 1.5832
-0.2988 1.5832
-0.3050 1.5833
-0.3112 1.5833
-0.3175 1.5834
-0.3237 1.5834
-0.3299 1.5834
-0.3362 1.5835
-0.3424 1.5835
-0.3486 1.5835
-0.3548 1.5836
-0.3611 1.5836
-0.3673 1.5836
-0.3735 1.5837
-0.3798 1.5837
-0.3860 1.5838
-0.3922 1.5838
-0.3984 1.5838
-0.4047 1.5839
-0.4109 1.5839
-0.4171 1.5839
-0.4233 1.5840
-0.4296 1.5840
-0.4358 1.5840
-0.4420 1.5841
-0.4483 1.5841
-0.4545 1.5842
-0.4607 1.5842
-0.4669 1.5842
-0.4732 1.5843
-0.4794 1.5843
-0.4856 1.5843
-0.4919 1.5844
-0.4981 1.5844
-0.5043 1.5844
-0.5105 1.5845
-0.5168 1.5845
-0.5230 1.5846
-0.5292 1.5846
-0.5355 1.5846
-0.5417 1.5847
-0.5479 1.5847
-0.5541 1.5847
-0.5604 1.5848
-0.5666 1.5848
-0.5728 1.5848
-0.5790 1.5836
-0.5851 1.5824
-0.5912 1.5812
-0.5973 1.5800
-0.6035 1.5787
-0.6096 1.5775
-0.6157 1.5763
-0.6218 1.5751
-0.6280 1.5739
-0.6341 1.5726
-0.6402 1.5714
-0.6463 1.5702
-0.6525 1.5690
-0.6586 1.5677
-0.6647 1.5665
-0.6709 1.5653
-0.6770 1.5641
-0.6831 1.5629
-0.6892 1.5616
-0.6953 1.5604
-0.7013 1.5586
-0.7073 1.5569
-0.7133 1.5551
-0.7193 1.5534
-0.7253 1.5517
-0.7313 1.5499
-0.7373 1.5482
-0.7433 1.5465
-0.7493 1.5447
-0.7554 1.5430
-0.7614 1.5412
-0.7674 1.5395
-0.7734 1.5378
-0.7794 1.5360
-0.7854 1.5343
-0.7914 1.5326
-0.7974 1.5308
-0.8034 1.5291
-0.8092 1.5269
-0.8150 1.5246
-0.8209 1.5224
-0.8267 1.5202
-0.8325 1.5179
-0.8384 1.5157
-0.8442 1.5134
-0.8500 1.5112
-0.8559 1.5090
-0.8617 1.5067
-0.8675 1.5045
-0.8733 1.5022
-0.8792 1.5000
-0.8850 1.4978
-0.8908 1.4955
-0.8967 1.4933
-0.9025 1.4910
-0.9083 1.4888
-0.9140 1.4862
-0.9196 1.4835
-0.9253 1.4807
-0.9309 1.4780
-0.9365 1.4753
-0.9421 1.4726
-0.9477 1.4698
-0.9534 1.4671
-0.9590 1.4644
-0.9646 1.4616
-0.9702 1.4589
-0.9758 1.4562
-0.9815 1.4535
-0.9871 1.4507
-0.9927 1.4480
-0.9983 1.4453
-1.0039 1.4426
-1.0095 1.4398
-1.0150 1.4369
-1.0204 1.4337
-1.0258 1.4305
-1.0311 1.4273
-1.0365 1.4241
-1.0419 1.4209
-1.0472 1.4177
-1.0526 1.4145
-1.0580 1.4113
-1.0633 1.4081
-1.0687 1.4049
-1.0741 1.4017
-1.0795 1.3985
-1.0848 1.3953
-1.0902 1.3921
-1.0956 1.3889
-1.1009 1.3857
-1.1063 1.3825
-1.1116 1.3792
-1.1166 1.3755
-1.1217 1.3719
-1.1268 1.3683
-1.1319 1.3646
-1.1369 1.3610
-1.1420 1.3573
-1.1471 1.3537
-1.1522 1.3501
-1.1573 1.3464
-1.1623 1.3428
-1.1674 1.3391
-1.1725 1.3355
-1.1776 1.3319
-1.1826 1.3282
-1.1877 1.3246
-1.1928 1.3209
-1.1979 1.3173
-1.2029 1.3136
-1.2076 1.3095
-1.2124 1.3055
-1.2171 1.3014
-1.2219 1.2974
-1.2266 1.2933
-1.2314 1.2892
-1.2361 1.2852
-1.2409 1.2811
-1.2456 1.2771
-1.2504 1.2730
-1.2551 1.2689
-1.2599 1.2649
-1.2646 1.2608
-1.2694 1.2568
-1.2741 1.2527
-1.2789 1.2487
-1.2836 1.2446
-1.2884 1.2405
-1.2928 1.2361
-1.2972 1.2317
-1.3015 1.2272
-1.3059 1.2228
-1.3103 1.2183
-1.3147 1.2139
-1.3191 1.2094
-1.3235 1.2050
-1.3279 1.2005
-1.3323 1.1961
-1.3366 1.1916
-1.3410 1.1872
-1.3454 1.1827
-1.3498 1.1783
-1.3542 1.1738
-1.3586 1.1694
-1.3630 1.1649
-1.3673 1.1605
-1.3714 1.1558
-1.3754 1.1510
-1.3794 1.1462
-1.3834 1.1414
-1.3874 1.1365
-1.3914 1.1317
-1.3954 1.1269
-1.3994 1.1221
-1.4034 1.1173
-1.4074 1.1125
-1.4114 1.1077
-1.4153 1.1029
-1.4193 1.0981
-1.4233 1.0933
-1.4273 1.0885
-1.4313 1.0837
-1.4353 1.0789
-1.4393 1.0741
-1.4430 1.0691
-1.4466 1.0640
-1.4502 1.0588
-1.4537 1.0537
-1.4573 1.0486
-1.4609 1.0434
-1.4645 1.0383
-1.4680 1.0332
-1.4716 1.0281
-1.4752 1.0229
-1.4787 1.0178
-1.4823 1.0127
-1.4859 1.0076
-1.4894 1.0024
-1.4930 0.9973
-1.4966 0.9922
-1.5001 0.9870
-1.5037 0.9819
-1.5071 0.9767
-1.5102 0.9713
-1.5133 0.9659
-1.5165 0.9604
-1.5196 0.9550
-1.5227 0.9496
-1.5258 0.9442
-1.5289 0.9388
-1.5320 0.9334
-1.5352 0.9280
-1.5383 0.9226
-1.5414 0.9171
-1.5445 0.9117
-1.5476 0.9063
-1.5508 0.9009
-1.5539 0.8955
-1.5570 0.8901
-1.5601 0.8847
-1.5631 0.8792
-1.5658 0.8735
-1.5684 0.8679
-1.5711 0.8622
-1.5737 0.8566
-1.5764 0.8509
-1.5790 0.8452
-1.5817 0.8396
-1.5843 0.8339
-1.5870 0.8283
-1.5896 0.8226
-1.5923 0.8170
-1.5949 0.8113
-1.5975 0.8056
-1.6002 0.8000
-1.6028 0.7943
-1.6055 0.7887
-1.6081 0.7830
-1.6108 0.7773
-1.6129 0.7715
-1.6151 0.7656
-1.6172 0.7597
-1.6194 0.7539
-1.6215 0.7480
-1.6237 0.7422
-1.6258 0.7363
-1.6280 0.7304
-1.6302 0.7246
-1.6323 0.7187
-1.6345 0.7128
-1.6366 0.7070
-1.6388 0.7011
-1.6409 0.6952
-1.6431 0.6894
-1.6453 0.6835
-1.6474 0.6777
-1.6496 0.6718
-1.6513 0.6658
-1.6529 0.6598
-1.6546 0.6537
-1.6562 0.6477
-1.6579 0.6417
-1.6595 0.6357
-1.6612 0.6296
-1.6628 0.6236
-1.6645 0.6176
-1.6661 0.6116
-1.6678 0.6055
-1.6694 0.5995
-1.6710 0.5935
-1.6727 0.5875
-1.6743 0.5814
-1.6760 0.5754
-1.6776 0.5694
-1.6793 0.5634
-1.6806 0.5572
-1.6817 0.5511
-1.6828 0.5450
-1.6840 0.5388
-1.6851 0.5327
-1.6862 0.5265
-1.6873 0.5204
-1.6885 0.5142
-1.6896 0.5081
-1.6907 0.5019
-1.6919 0.4958
-1.6930 0.4897
-1.6941 0.4835
-1.6952 0.4774
-1.6964 0.4712
-1.6975 0.4651
-1.6986 0.4589
-1.6998 0.4528
-1.7006 0.4466
-1.7012 0.4404
-1.7018 0.4342
-1.7024 0.4280
-1.7030 0.4217
-1.7036 0.4155
-1.7042 0.4093
-1.7048 0.4031
-1.7054 0.3969
-1.7060 0.3906
-1.7066 0.3844
-1.7072 0.3782
-1.7078 0.3720
-1.7084 0.3658
-1.7090 0.3596
-1.7096 0.3533
-1.7102 0.3471
-1.7108 0.3409
-1.7112 0.3347
-1.7113 0.3284
-1.7114 0.3222
-1.7114 0.3159
-1.7115 0.3097
-1.7116 0.3034
-1.7116 0.2972
-1.7117 0.2909
-1.7118 0.2847
-1.7119 0.2785
-1.7119 0.2722
-1.7120 0.2660
-1.7121 0.2597
-1.7121 0.2535
-1.7122 0.2472
-1.7123 0.2410
-1.7123 0.2347
-1.7124 0.2285
-1.7124 0.2222
-1.7119 0.2160
-1.7114 0.2098
-1.7110 0.2035
-1.7105 0.1973
-1.7101 0.1911
-1.7096 0.1849
-1.7091 0.1786
-1.7087 0.1724
-1.7082 0.1662
-1.7077 0.1599
-1.7073 0.1537
-1.7068 0.1475
-1.7064 0.1412
-1.7059 0.1350
-1.7054 0.1288
-1.7050 0.1226
-1.7045 0.1163
-1.7040 0.1101
-1.7030 0.1039
-1.7020 0.0978
-1.7010 0.0916
-1.7000 0.0854
-1.6990 0.0793
-1.6981 0.0731
-1.6971 0.0669
-1.6961 0.0608
-1.6951 0.0546
-1.6941 0.0484
-1.6931 0.0423
-1.6921 0.0361
-1.6911 0.0299
-1.6901 0.0238
-1.6891 0.0176
-1.6881 0.0114
-1.6871 0.0053
-1.6862 -0.0009
-1.6847 -0.0070
-1.6832 -0.0130
-1.6817 -0.0191
-1.6802 -0.0252
-1.6786 -0.0312
-1.6771 -0.0373
-1.6756 -0.0434
-1.6741 -0.0494
-1.6726 -0.0555
-1.6711 -0.0615
-1.6696 -0.0676
-1.6680 -0.0737
-1.6665 -0.0797
-1.6650 -0.0858
-1.6635 -0.0918
-1.6620 -0.0979
-1.6605 -0.1040
-1.6590 -0.1100
-1.6571 -0.1160
-1.6551 -0.1219
-1.6530 -0.1278
-1.6510 -0.1337
-1.6490 -0.1396
-1.6470 -0.1455
-1.6449 -0.1514
-1.6429 -0.1573
-1.6409 -0.1633
-1.6389 -0.1692
-1.6368 -0.1751
-1.6348 -0.1810
-1.6328 -0.1869
-1.6308 -0.1928
-1.6287 -0.1987
-1.6267 -0.2046
-1.6247 -0.2105
-1.6227 -0.2164
-1.6204 -0.2222
-1.6178 -0.2280
-1.6153 -0.2337
-1.6128 -0.2394
-1.6103 -0.2451
-1.6078 -0.2508
-1.6052 -0.2565
-1.6027 -0.2623
-1.6002 -0.2680
-1.5977 -0.2737
-1.5952 -0.2794
-1.5926 -0.2851
-1.5901 -0.2908
-1.5876 -0.2966
-1.5851 -0.3023
-1.5826 -0.3080
-1.5800 -0.3137
-1.5775 -0.3194
-1.5748 -0.3250
-1.5718 -0.3305
-1.5688 -0.3360
-1.5658 -0.3415
-1.5628 -0.3470
-1.5598 -0.3524
-1.5568 -0.3579
-1.5538 -0.3634
-1.5508 -0.3689
-1.5478 -0.3744
-1.5448 -0.3798
-1.5418 -0.3853
-1.5388 -0.3908
-1.5358 -0.3963
-1.5328 -0.4018
-1.5298 -0.4073
-1.5268 -0.4127
-1.5238 -0.4182
-1.5207 -0.4236
-1.5173 -0.4288
-1.5138 -0.4340
-1.5104 -0.4392
-1.5069 -0.4445
-1.5035 -0.4497
-1.5000 -0.4549
-1.4966 -0.4601
-1.4931 -0.4653
-1.4897 -0.4705
-1.4862 -0.4757
-1.4828 -0.4809
-1.4793 -0.4861
-1.4758 -0.4913
-1.4724 -0.4965
-1.4689 -0.5017
-1.4655 -0.5069
-1.4620 -0.5121
-1.4586 -0.5173
-1.4547 -0.5222
-1.4508 -0.5271
-1.4469 -0.5320
-1.4430 -0.5369
-1.4391 -0.5418
-1.4353 -0.5467
-1.4314 -0.5516
-1.4275 -0.5565
-1.4236 -0.5614
-1.4197 -0.5662
-1.4158 -0.5711
-1.4119 -0.5760
-1.4081 -0.5809
-1.4042 -0.5858
-1.4003 -0.5907
-1.3964 -0.5956
-1.3925 -0.6005
-1.3886 -0.6054
-1.3844 -0.6100
-1.3801 -0.6145
-1.3758 -0.6191
-1.3716 -0.6236
-1.3673 -0.6282
-1.3630 -0.6327
-1.3587 -0.6372
-1.3544 -0.6418
-1.3501 -0.6463
-1.3458 -0.6509
-1.3415 -0.6554
-1.3373 -0.6600
-1.3330 -0.6645
-1.3287 -0.6691
-1.3244 -0.6736
-1.3201 -0.6781
-1.3158 -0.6827
-1.3115 -0.6872
-1.3070 -0.6915
-1.3023 -0.6957
-1.2977 -0.6998
-1.2930 -0.7040
-1.2884 -0.7082
-1.2837 -0.7123
-1.2791 -0.7165
-1.2744 -0.7207
-1.2697 -0.7248
-1.2651 -0.7290
-1.2604 -0.7331
-1.2558 -0.7373
-1.2511 -0.7415
-1.2465 -0.7456
-1.2418 -0.7498
-1.2371 -0.7540
-1.2325 -0.7581
-1.2278 -0.7623
-1.2230 -0.7662
-1.2180 -0.7700
-1.2130 -0.7737
-1.2080 -0.7775
-1.2030 -0.7813
-1.1980 -0.7850
-1.1930 -0.7888
-1.1880 -0.7925
-1.1830 -0.7963
-1.1780 -0.8000
-1.1730 -0.8038
-1.1681 -0.8075
-1.1631 -0.8113
-1.1581 -0.8150
-1.1531 -0.8188
-1.1481 -0.8225
-1.1431 -0.8263
-1.1381 -0.8300
-1.1330 -0.8336
-1.1277 -0.8370
-1.1224 -0.8403
-1.1171 -0.8436
-1.1118 -0.8469
-1.1065 -0.8502
-1.1012 -0.8535
-1.0959 -0.8568
-1.0906 -0.8602
-1.0853 -0.8635
-1.0800 -0.8668
-1.0747 -0.8701
-1.0694 -0.8734
-1.0641 -0.8767
-1.0589 -0.8800
-1.0536 -0.8833
-1.0483 -0.8867
-1.0430 -0.8900
-1.0376 -0.8932
-1.0321 -0.8961
-1.0265 -0.8989
-1.0210 -0.9018
-1.0154 -0.9046
-1.0098 -0.9075
-1.0043 -0.9103
-0.9987 -0.9132
-0.9932 -0.9160
-0.9876 -0.9189
-0.9821 -0.9217
-0.9765 -0.9246
-0.9709 -0.9275
-0.9654 -0.9303
-0.9598 -0.9332
-0.9543 -0.9360
-0.9487 -0.9389
-0.9431 -0.9417
-0.9376 -0.9446
-0.9318 -0.9470
-0.9260 -0.9493
-0.9203 -0.9517
-0.9145 -0.9541
-0.9087 -0.9564
-0.9029 -0.9588
-0.8971 -0.9612
-0.8914 -0.9635
-0.8856 -0.9659
-0.8798 -0.9683
-0.8740 -0.9707
-0.8682 -0.9730
-0.8625 -0.9754
-0.8567 -0.9778
-0.8509 -0.9801
-0.8451 -0.9825
-0.8393 -0.9849
-0.8336 -0.9872
-0.8276 -0.9892
-0.8217 -0.9911
-0.8157 -0.9930
-0.8098 -0.9948
-0.8038 -0.9967
-0.7978 -0.9986
-0.7919 -1.0005
-0.7859 -1.0023
-0.7800 -1.0042
-0.7740 -1.0061
-0.7680 -1.0079
-0.7621 -1.0098
-0.7561 -1.0117
-0.7502 -1.0135
-0.7442 -1.0154
-0.7382 -1.0173
-0.7323 -1.0191
-0.7263 -1.0210
-0.7203 -1.0226
-0.7142 -1.0240
-0.7081 -1.0253
-0.7020 -1.0266
-0.6959 -1.0279
-0.6897 -1.0292
-0.6836 -1.0305
-0.6775 -1.0318
-0.6714 -1.0331
-0.6653 -1.0344
-0.6592 -1.0357
-0.6531 -1.0371
-0.6470 -1.0384
-0.6409 -1.0397
-0.6348 -1.0410
-0.6287 -1.0423
-0.6226 -1.0436
-0.6164 -1.0449
-0.6103 -1.0462
-0.6042 -1.0475
-0.5981 -1.0489
-0.5919 -1.0489
-0.5857 -1.0489
-0.5794 -1.0489
-0.5732 -1.0490
-0.5670 -1.0490
-0.5607 -1.0490
-0.5545 -1.0491
-0.5483 -1.0491
-0.5421 -1.0491
-0.5358 -1.0492
-0.5296 -1.0492
-0.5234 -1.0492
-0.5171 -1.0492
-0.5109 -1.0493
-0.5047 -1.0493
-0.4984 -1.0493
-0.4922 -1.0494
-0.4860 -1.0494
-0.4798 -1.0494
-0.4735 -1.0494
-0.4673 -1.0495
-0.4611 -1.0495
-0.4548 -1.0495
-0.4486 -1.0496
-0.4424 -1.0496
-0.4361 -1.0496
-0.4299 -1.0497
-0.4237 -1.0497
-0.4174 -1.0497
-0.4112 -1.0497
-0.4050 -1.0498
-0.3988 -1.0498
-0.3925 -1.0498
-0.3863 -1.0499
-0.3801 -1.0499
-0.3738 -1.0499
-0.3676 -1.0500
-0.3614 -1.0500
-0.3551 -1.0500
-0.3489 -1.0500
-0.3427 -1.0501
-0.3365 -1.0501
-0.3302 -1.0501
-0.3240 -1.0502
-0.3178 -1.0502
-0.3115 -1.0502
-0.3053 -1.0503
-0.2991 -1.0503
-0.2928 -1.0503
-0.2866 -1.0503
-0.2804 -1.0504
-0.2742 -1.0504
-0.2679 -1.0504
-0.2617 -1.0505
-0.2555 -1.0505
-0.2492 -1.0505
-0.2430 -1.0506
-0.2368 -1.0506
-0.2305 -1.0506
-0.2243 -1.0506
-0.2181 -1.0507
-0.2119 -1.0507
-0.2056 -1.0507
-0.1994 -1.0508
-0.1932 -1.0508
-0.1869 -1.0508
-0.1807 -1.0509
-0.1745 -1.0509
-0.1682 -1.0509
-0.1620 -1.0509
-0.1558 -1.0510
-0.1496 -1.0510
-0.1433 -1.0510
-0.1371 -1.0511
-0.1309 -1.0511
-0.1246 -1.0511
-0.1184 -1.0512
-0.1122 -1.0512
-0.1059 -1.0512
-0.0997 -1.0512
-0.0935 -1.0513
-0.0872 -1.0513
-0.0810 -1.0513
-0.0748 -1.0514
-0.0686 -1.0514
-0.0623 -1.0514
-0.0561 -1.0514
-0.0499 -1.0515
-0.0436 -1.0515
-0.0374 -1.0515
-0.0312 -1.0516
-0.0249 -1.0516
-0.0187 -1.0516
-0.0125 -1.0517
-0.0063 -1.0517
-0.0000 -1.0517
0.0062 -1.0517
0.0124 -1.0518
0.0187 -1.0518
0.0249 -1.0518
0.0311 -1.0519
0.0374 -1.0519
0.0436 -1.0519
0.0498 -1.0520
0.0560 -1.0520
0.0623 -1.0520
0.0685 -1.0520
0.0747 -1.0521
0.0810 -1.0521
0.0872 -1.0521
0.0934 -1.0522
0.0997 -1.0522
0.1059 -1.0522
0.1121 -1.0523
0.1183 -1.0523
0.1246 -1.0523
0.1308 -1.0523
0.1370 -1.0524
0.1433 -1.0524
0.1495 -1.0524
0.1557 -1.0525
0.1620 -1.0525
0.1682 -1.0525
0.1744 -1.0526
0.1807 -1.0526
0.1869 -1.0526
0.1931 -1.0526
0.1993 -1.0527
0.2056 -1.0527
0.2118 -1.0527
0.2180 -1.0528
0.2243 -1.0528
0.2305 -1.0528
0.2367 -1.0529
0.2430 -1.0529
0.2492 -1.0529
0.2554 -1.0529
0.2616 -1.0530
0.2679 -1.0530
0.2741 -1.0530
0.2803 -1.0531
0.2866 -1.0531
0.2928 -1.0531
0.2990 -1.0531
0.3053 -1.0532
0.3115 -1.0532
0.3177 -1.0532
0.3239 -1.0533
0.3302 -1.0533
0.3364 -1.0533
0.3426 -1.0534
0.3489 -1.0534
0.3551 -1.0534
0.3613 -1.0534
0.3676 -1.0535
0.3738 -1.0535
0.3800 -1.0535
0.3862 -1.0536
0.3925 -1.0536
0.3987 -1.0536
0.4049 -1.0537
0.4112 -1.0537
0.4174 -1.0537
0.4236 -1.0537
0.4299 -1.0538
0.4361 -1.0538
0.4423 -1.0538
0.4486 -1.0539
0.4548 -1.0539
0.4610 -1.0539
0.4672 -1.0540
0.4735 -1.0540
0.4797 -1.0540
0.4859 -1.0540
0.4922 -1.0541
0.4984 -1.0541
0.5046 -1.0541
0.5109 -1.0542
0.5171 -1.0542
0.5233 -1.0542
0.5295 -1.0543
0.5358 -1.0543
0.5420 -1.0543
0.5482 -1.0543
0.5545 -1.0544
0.5607 -1.0544
0.5669 -1.0544
0.5732 -1.0545
0.5794 -1.0545
0.5856 -1.0545
0.5918 -1.0546
0.5981 -1.0546
0.6043 -1.0546
0.6105 -1.0546
0.6168 -1.0547
0.6230 -1.0547
0.6292 -1.0547
0.6355 -1.0548
0.6417 -1.0548
0.6479 -1.0548
0.6541 -1.0548
0.6604 -1.0549
0.6666 -1.0549
0.6728 -1.0549
0.6791 -1.0550
0.6853 -1.0550
0.6915 -1.0550
0.6978 -1.0551
0.7040 -1.0551
0.7102 -1.0551
0.7164 -1.0551
0.7227 -1.0552
0.7289 -1.0552
0.7351 -1.0552
0.7414 -1.0553
0.7476 -1.0553
0.7538 -1.0553
0.7601 -1.0554
0.7663 -1.0554
0.7725 -1.0554
0.7788 -1.0554
0.7850 -1.0555
0.7912 -1.0555
0.7974 -1.0555
0.8037 -1.0556
0.8099 -1.0556
0.8161 -1.0556
0.8224 -1.0557
0.8286 -1.0557
0.8348 -1.0557
0.8411 -1.0557
0.8473 -1.0558
0.8535 -1.0558
0.8597 -1.0558
0.8660 -1.0559
0.8722 -1.0559
0.8784 -1.0559
0.8847 -1.0560
0.8909 -1.0560
0.8971 -1.0560
0.9034 -1.0560
0.9096 -1.0561
0.9158 -1.0561
0.9220 -1.0561
0.9283 -1.0562
0.9345 -1.0562
0.9407 -1.0562
0.9470 -1.0563
0.9532 -1.0563
0.9594 -1.0563
0.9657 -1.0563
0.9719 -1.0564
0.9781 -1.0564
0.9843 -1.0564
0.9906 -1.0565
0.9968 -1.0565
1.0030 -1.0565
1.0093 -1.0565
1.0155 -1.0566
1.0217 -1.0566
1.0280 -1.0566
1.0342 -1.0567
1.0404 -1.0557
1.0465 -1.0548
1.0527 -1.0539
1.0589 -1.0529
1.0650 -1.0520
1.0712 -1.0511
1.0774 -1.0501
1.0836 -1.0492
1.0897 -1.0483
1.0959 -1.0473
1.1021 -1.0464
1.1083 -1.0455
1.1144 -1.0445
1.1206 -1.0436
1.1268 -1.0427
1.1329 -1.0417
1.1391 -1.0408
1.1453 -1.0398
1.1515 -1.0389
1.1576 -1.0380
1.1637 -1.0365
1.1697 -1.0350
1.1758 -1.0335
1.1819 -1.0320
1.1879 -1.0305
1.1940 -1.0289
1.2000 -1.0274
1.2061 -1.0259
1.2121 -1.0244
1.2182 -1.0229
1.2242 -1.0214
1.2303 -1.0199
1.2364 -1.0184
1.2424 -1.0168
1.2485 -1.0153
1.2545 -1.0138
1.2606 -1.0123
1.2666 -1.0108
1.2726 -1.0090
1.2785 -1.0070
1.2844 -1.0049
1.2903 -1.0029
1.2962 -1.0009
1.3021 -0.9989
1.3080 -0.9969
1.3140 -0.9948
1.3199 -0.9928
1.3258 -0.9908
1.3317 -0.9888
1.3376 -0.9868
1.3435 -0.9847
1.3494 -0.9827
1.3553 -0.9807
1.3612 -0.9787
1.3671 -0.9767
1.3730 -0.9746
1.3788 -0.9724
1.3846 -0.9699
1.3903 -0.9674
1.3960 -0.9649
1.4017 -0.9624
1.4074 -0.9599
1.4131 -0.9573
1.4188 -0.9548
1.4245 -0.9523
1.4303 -0.9498
1.4360 -0.9473
1.4417 -0.9448
1.4474 -0.9423
1.4531 -0.9397
1.4588 -0.9372
1.4645 -0.9347
1.4703 -0.9322
1.4760 -0.9297
1.4816 -0.9271
1.4871 -0.9241
1.4926 -0.9211
1.4981 -0.9181
1.5036 -0.9151
1.5090 -0.9121
1.5145 -0.9091
1.5200 -0.9061
1.5255 -0.9032
1.5309 -0.9002
1.5364 -0.8972
1.5419 -0.8942
1.5474 -0.8912
1.5529 -0.8882
1.5583 -0.8852
1.5638 -0.8822
1.5693 -0.8792
1.5748 -0.8762
1.5803 -0.8732
1.5855 -0.8698
1.5907 -0.8664
1.5959 -0.8629
1.6011 -0.8595
1.6063 -0.8560
1.6115 -0.8526
1.6167 -0.8491
1.6219 -0.8457
1.6271 -0.8422
1.6323 -0.8388
1.6375 -0.8353
1.6427 -0.8319
1.6479 -0.8285
1.6531 -0.8250
1.6583 -0.8216
1.6635 -0.8181
1.6687 -0.8147
1.6739 -0.8112
1.6789 -0.8075
1.6838 -0.8036
1.6887 -0.7997
1.6936 -0.7958
1.6985 -0.7920
1.7034 -0.7881
1.7083 -0.7842
1.7132 -0.7803
1.7181 -0.7764
1.7230 -0.7726
1.7278 -0.7687
1.7327 -0.7648
1.7376 -0.7609
1.7425 -0.7571
1.7474 -0.7532
1.7523 -0.7493
1.7572 -0.7454
1.7621 -0.7416
1.7668 -0.7375
1.7713 -0.7332
1.7759 -0.7289
1.7804 -0.7246
1.7850 -0.7204
1.7895 -0.7161
1.7941 -0.7118
1.7986 -0.7075
1.8032 -0.7032
1.8077 -0.6990
1.8122 -0.6947
1.8168 -0.6904
1.8213 -0.6861
1.8259 -0.6819
1.8304 -0.6776
1.8350 -0.6733
1.8395 -0.6690
1.8441 -0.6647
1.8485 -0.6603
1.8526 -0.6557
1.8568 -0.6510
1.8610 -0.6464
1.8651 -0.6417
1.8693 -0.6371
1.8735 -0.6324
1.8776 -0.6278
1.8818 -0.6231
1.8860 -0.6185
1.8901 -0.6138
1.8943 -0.6092
1.8985 -0.6045
1.9026 -0.5999
1.9068 -0.5952
1.9110 -0.5906
1.9151 -0.5859
1.9193 -0.5813
1.9234 -0.5766
1.9271 -0.5716
1.9309 -0.5666
1.9346 -0.5616
1.9384 -0.5566
1.9422 -0.5517
1.9459 -0.5467
1.9497 -0.5417
1.9534 -0.5367
1.9572 -0.5317
1.9609 -0.5267
1.9647 -0.5217
1.9684 -0.5168
1.9722 -0.5118
1.9760 -0.5068
1.9797 -0.5018
1.9835 -0.4968
1.9872 -0.4918
1.9910 -0.4868
1.9943 -0.4816
1.9976 -0.4763
2.0009 -0.4710
2.0043 -0.4657
2.0076 -0.4604
2.0109 -0.4551
2.0142 -0.4498
2.0175 -0.4445
2.0208 -0.4393
2.0242 -0.4340
2.0275 -0.4287
2.0308 -0.4234
2.0341 -0.4181
2.0374 -0.4128
2.0407 -0.4075
2.0441 -0.4022
2.0474 -0.3970
2.0507 -0.3917
2.0536 -0.3862
2.0565 -0.3806
2.0594 -0.3751
2.0622 -0.3695
2.0651 -0.3640
2.0679 -0.3584
2.0708 -0.3529
2.0736 -0.3473
2.0765 -0.3418
2.0793 -0.3362
2.0822 -0.3307
2.0850 -0.3251
2.0879 -0.3196
2.0908 -0.3140
2.0936 -0.3085
2.0965 -0.3029
2.0993 -0.2974
2.1022 -0.2918
2.1047 -0.2861
2.1071 -0.2803
2.1095 -0.2746
2.1119 -0.2688
2.1142 -0.2630
2.1166 -0.2573
2.1190 -0.2515
2.1213 -0.2457
2.1237 -0.2399
2.1261 -0.2342
2.1285 -0.2284
2.1308 -0.2226
2.1332 -0.2168
2.1356 -0.2111
2.1379 -0.2053
2.1403 -0.1995
2.1427 -0.1937
2.1451 -0.1880
2.1472 -0.1821
2.1491 -0.1762
2.1510 -0.1702
2.1528 -0.1643
2.1547 -0.1583
2.1566 -0.1523
2.1585 -0.1464
2.1603 -0.1404
2.1622 -0.1345
2.1641 -0.1285
2.1659 -0.1226
2.1678 -0.1166
2.1697 -0.1107
2.1716 -0.1047
2.1734 -0.0987
2.1753 -0.0928
2.1772 -0.0868
2.1790 -0.0809
2.1808 -0.0749
2.1822 -0.0688
2.1835 -0.0627
2.1849 -0.0566
2.1862 -0.0505
2.1876 -0.0444
2.1889 -0.0383
2.1903 -0.0322
2.1917 -0.0262
2.1930 -0.0201
2.1944 -0.0140
2.1957 -0.0079
2.1971 -0.0018
2.1984 0.0043
2.1998 0.0104
2.2012 0.0165
2.2025 0.0226
2.2039 0.0287
2.2052 0.0348
2.2060 0.0410
2.2069 0.0471
2.2077 0.0533
2.2085 0.0595
2.2094 0.0657
2.2102 0.0719
2.2110 0.0781
2.2119 0.0843
2.2127 0.0905
2.2135 0.0966
2.2144 0.1028
2.2152 0.1090
2.2160 0.1152
2.2169 0.1214
2.2177 0.1276
2.2185 0.1338
2.2194 0.1399
2.2202 0.1461
2.2206 0.1524
2.2209 0.1586
2.2212 0.1648
2.2215 0.1711
2.2218 0.1773
2.2221 0.1835
2.2224 0.1898
2.2227 0.1960
2.2230 0.2022
2.2233 0.2085
2.2236 0.2147
2.2239 0.2209
2.2242 0.2272
2.2245 0.2334
2.2248 0.2396
2.2251 0.2459
2.2254 0.2521
2.2257 0.2583
2.2257 0.2646
2.2254 0.2708
2.2252 0.2771
2.2250 0.2833
2.2248 0.2895
2.2245 0.2958
2.2243 0.3020
2.2241 0.3082
2.2238 0.3145
2.2236 0.3207
2.2234 0.3270
2.2232 0.3332
2.2229 0.3394
2.2227 0.3457
2.2225 0.3519
2.2222 0.3581
2.2220 0.3644
2.2218 0.3706
2.2213 0.3768
2.2205 0.3830
2.2198 0.3892
2.2190 0.3954
2.2182 0.4016
2.2175 0.4078
2.2167 0.4140
2.2160 0.4202
2.2152 0.4264
2.2144 0.4326
2.2137 0.4388
2.2129 0.4450
2.2122 0.4512
2.2114 0.4574
2.2106 0.4636
2.2099 0.4698
2.2091 0.4760
2.2084 0.4822
2.2074 0.4883
2.2062 0.4944
2.2049 0.5005
2.2036 0.5067
2.2023 0.5128
2.2010 0.5189
2.1997 0.5250
2.1984 0.5311
2.1972 0.5372
2.1959 0.5433
2.1946 0.5494
2.1933 0.5555
2.1920 0.5616
2.1907 0.5677
2.1894 0.5738
2.1882 0.5800
2.1869 0.5861
2.1856 0.5922
2.1842 0.5983
2.1824 0.6042
2.1806 0.6102
2.1788 0.6162
2.1770 0.6222
2.1752 0.6281
2.1734 0.6341
2.1716 0.6401
2.1698 0.6461
2.1680 0.6521
2.1662 0.6580
2.1644 0.6640
2.1626 0.6700
2.1608 0.6760
2.1590 0.6819
2.1572 0.6879
2.1554 0.6939
2.1536 0.6999
2.1518 0.7058
2.1495 0.7117
2.1472 0.7175
2.1449 0.7233
2.1426 0.7291
2.1403 0.7349
2.1380 0.7407
2.1357 0.7465
2.1334 0.7523
2.1311 0.7581
2.1288 0.7639
2.1265 0.7697
2.1242 0.7755
2.1219 0.7813
2.1196 0.7871
2.1173 0.7929
2.1150 0.7987
2.1127 0.8045
2.1104 0.8103
2.1077 0.8159
2.1049 0.8215
2.1021 0.8271
2.0993 0.8327
2.0966 0.8383
2.0938 0.8438
2.0910 0.8494
2.0882 0.8550
2.0854 0.8606
2.0826 0.8662
2.0798 0.8718
2.0770 0.8773
2.0742 0.8829
2.0715 0.8885
2.0687 0.8941
2.0659 0.8997
2.0631 0.9053
2.0603 0.9108
2.0572 0.9163
2.0540 0.9216
2.0507 0.9269
2.0475 0.9323
2.0442 0.9376
2.0410 0.9429
2.0377 0.9482
2.0345 0.9536
2.0312 0.9589
2.0279 0.9642
2.0247 0.9695
2.0214 0.9749
2.0182 0.9802
2.0149 0.9855
2.0117 0.9909
2.0084 0.9962
2.0052 1.0015
2.0019 1.0068
1.9985 1.0120
1.9948 1.0171
1.9911 1.0221
1.9874 1.0271
1.9837 1.0322
1.9800 1.0372
1.9763 1.0422
1.9726 1.0473
1.9689 1.0523
1.9652 1.0573
1.9615 1.0623
1.9578 1.0674
1.9541 1.0724
1.9504 1.0774
1.9467 1.0825
1.9430 1.0875
1.9393 1.0925
1.9357 1.0976
1.9319 1.1025
1.9278 1.1072
1.9236 1.1119
1.9195 1.1166
1.9154 1.1213
1.9113 1.1260
1.9072 1.1307
1.9031 1.1354
1.8990 1.1401
1.8949 1.1448
1.8908 1.1495
1.8867 1.1542
1.8825 1.1589
1.8784 1.1636
1.8743 1.1683
1.8702 1.1730
1.8661 1.1777
1.8620 1.1824
1.8579 1.1871
1.8534 1.1914
1.8489 1.1957
1.8444 1.2001
1.8399 1.2044
1.8354 1.2087
1.8309 1.2130
1.8264 1.2174
1.8219 1.2217
1.8174 1.2260
1.8129 1.2304
1.8084 1.2347
1.8039 1.2390
1.7994 1.2434
1.7949 1.2477
1.7904 1.2520
1.7859 1.2564
1.7815 1.2607
1.7770 1.2650
1.7722 1.2690
1.7673 1.2730
1.7625 1.2769
1.7576 1.2808
1.7528 1.2848
1.7479 1.2887
1.7431 1.2926
1.7382 1.2965
1.7334 1.3005
1.7285 1.3044
1.7237 1.3083
1.7189 1.3123
1.7140 1.3162
1.7092 1.3201
1.7043 1.3241
1.6995 1.3280
1.6946 1.3319
1.6898 1.3359
1.6847 1.3395
1.6796 1.3430
1.6744 1.3466
1.6692 1.3501
1.6641 1.3536
1.6589 1.3571
1.6537 1.3606
1.6486 1.3641
1.6434 1.3676
1.6382 1.3711
1.6331 1.3746
1.6279 1.3781
1.6228 1.3816
1.6176 1.3851
1.6124 1.3886
1.6073 1.3921
1.6021 1.3956
1.5969 1.3992
1.5917 1.4025
1.5862 1.4055
1.5808 1.4086
1.5753 1.4116
1.5699 1.4147
1.5644 1.4177
1.5590 1.4208
1.5535 1.4238
1.5481 1.4269
1.5427 1.4300
1.5372 1.4330
1.5318 1.4361
1.5263 1.4391
1.5209 1.4422
1.5154 1.4452
1.5100 1.4483
1.5046 1.4513
1.4991 1.4544
1.4936 1.4573
1.4879 1.4599
1.4822 1.4625
1.4766 1.4651
1.4709 1.4677
1.4652 1.4703
1.4595 1.4728
1.4538 1.4754
1.4481 1.4780
1.4425 1.4806
1.4368 1.4832
1.4311 1.4857
1.4254 1.4883
1.4197 1.4909
1.4140 1.4935
1.4084 1.4961
1.4027 1.4986
1.3970 1.5012
1.3913 1.5038
1.3854 1.5059
1.3795 1.5080
1.3737 1.5101
1.3678 1.5122
1.3619 1.5142
1.3560 1.5163
1.3501 1.5184
1.3443 1.5205
1.3384 1.5226
1.3325 1.5247
1.3266 1.5268
1.3207 1.5289
1.3148 1.5310
1.3090 1.5330
1.3031 1.5351
1.2972 1.5372
1.2913 1.5393
1.2854 1.5414
1.2794 1.5431
1.2734 1.5447
1.2673 1.5462
1.2613 1.5478
1.2553 1.5494
1.2492 1.5510
1.2432 1.5526
1.2372 1.5542
1.2311 1.5557
1.2251 1.5573
1.2190 1.5589
1.2130 1.5605
1.2070 1.5621
1.2009 1.5636
1.1949 1.5652
1.1889 1.5668
1.1828 1.5684
1.1768 1.5700
1.1707 1.5716
1.1647 1.5731