1.0247 -0.9316
1.0309 -0.9307
1.0371 -0.9297
1.0432 -0.9288
1.0494 -0.9279
1.0556 -0.9269
1.0618 -0.9260
1.0679 -0.9251
1.0741 -0.9241
1.0803 -0.9232
1.0864 -0.9223
1.0926 -0.9213
1.0988 -0.9204
1.1050 -0.9194
1.1111 -0.9185
1.1173 -0.9176
1.1235 -0.9166
1.1296 -0.9157
1.1358 -0.9145
1.1418 -0.9130
1.1479 -0.9115
1.1539 -0.9100
1.1600 -0.9085
1.1661 -0.9070
1.1721 -0.9055
1.1782 -0.9040
1.1842 -0.9024
1.1903 -0.9009
1.1963 -0.8994
1.2024 -0.8979
1.2085 -0.8964
1.2145 -0.8949
1.2206 -0.8934
1.2266 -0.8919
1.2327 -0.8904
1.2386 -0.8884
1.2445 -0.8864
1.2504 -0.8844
1.2563 -0.8823
1.2622 -0.8803
1.2681 -0.8783
1.2740 -0.8763
1.2800 -0.8743
1.2859 -0.8722
1.2918 -0.8702
1.2977 -0.8682
1.3036 -0.8662
1.3095 -0.8642
1.3154 -0.8621
1.3213 -0.8601
1.3272 -0.8581
1.3330 -0.8559
1.3388 -0.8534
1.3445 -0.8509
1.3502 -0.8484
1.3559 -0.8458
1.3616 -0.8433
1.3673 -0.8408
1.3730 -0.8383
1.3788 -0.8358
1.3845 -0.8333
1.3902 -0.8308
1.3959 -0.8282
1.4016 -0.8257
1.4073 -0.8232
1.4130 -0.8207
1.4187 -0.8182
1.4245 -0.8157
1.4300 -0.8127
1.4354 -0.8097
1.4409 -0.8068
1.4464 -0.8038
1.4519 -0.8008
1.4574 -0.7978
1.4628 -0.7948
1.4683 -0.7918
1.4738 -0.7888
1.4793 -0.7858
1.4848 -0.7828
1.4902 -0.7798
1.4957 -0.7768
1.5012 -0.7738
1.5067 -0.7709
1.5122 -0.7679
1.5175 -0.7647
1.5227 -0.7613
1.5279 -0.7578
1.5332 -0.7544
1.5384 -0.7509
1.5436 -0.7475
1.5488 -0.7440
1.5540 -0.7406
1.5592 -0.7371
1.5644 -0.7337
1.5696 -0.7302
1.5748 -0.7268
1.5800 -0.7234
1.5852 -0.7199
1.5904 -0.7165
1.5956 -0.7130
1.6008 -0.7096
1.6058 -0.7057
1.6106 -0.7019
1.6155 -0.6980
1.6204 -0.6941
1.6253 -0.6902
1.6302 -0.6864
1.6351 -0.6825
1.6400 -0.6786
1.6449 -0.6747
1.6498 -0.6709
1.6547 -0.6670
1.6596 -0.6631
1.6645 -0.6592
1.6694 -0.6554
1.6743 -0.6515
1.6792 -0.6476
1.6839 -0.6436
1.6885 -0.6393
1.6930 -0.6350
1.6976 -0.6307
1.7021 -0.6265
1.7066 -0.6222
1.7112 -0.6179
1.7157 -0.6136
1.7203 -0.6094
1.7248 -0.6051
1.7294 -0.6008
1.7339 -0.5965
1.7385 -0.5922
1.7430 -0.5880
1.7476 -0.5837
1.7521 -0.5794
1.7567 -0.5751
1.7609 -0.5705
1.7650 -0.5659
1.7692 -0.5612
1.7734 -0.5566
1.7775 -0.5519
1.7817 -0.5473
1.7859 -0.5426
1.7900 -0.5380
1.7942 -0.5333
1.7983 -0.5287
1.8025 -0.5240
1.8067 -0.5194
1.8108 -0.5147
1.8150 -0.5101
1.8192 -0.5054
1.8233 -0.5008
1.8273 -0.4960
1.8311 -0.4910
1.8349 -0.4860
1.8386 -0.4810
1.8424 -0.4760
1.8461 -0.4711
1.8499 -0.4661
1.8536 -0.4611
1.8574 -0.4561
1.8611 -0.4511
1.8649 -0.4461
1.8686 -0.4411
1.8724 -0.4362
1.8762 -0.4312
1.8799 -0.4262
1.8837 -0.4212
1.8874 -0.4162
1.8908 -0.4109
1.8941 -0.4057
1.8974 -0.4004
1.9007 -0.3951
1.9040 -0.3898
1.9074 -0.3845
1.9107 -0.3792
1.9140 -0.3739
1.9173 -0.3686
1.9206 -0.3633
1.9239 -0.3581
1.9273 -0.3528
1.9306 -0.3475
1.9339 -0.3422
1.9372 -0.3369
1.9405 -0.3316
1.9436 -0.3262
1.9465 -0.3207
1.9494 -0.3151
1.9522 -0.3096
1.9551 -0.3040
1.9579 -0.2985
1.9608 -0.2929
1.9636 -0.2874
1.9665 -0.2818
1.9693 -0.2762
1.9722 -0.2707
1.9750 -0.2651
1.9779 -0.2596
1.9808 -0.2540
1.9836 -0.2485
1.9865 -0.2429
1.9893 -0.2374
1.9917 -0.2316
1.9941 -0.2258
1.9965 -0.2201
1.9988 -0.2143
2.0012 -0.2085
2.0036 -0.2028
2.0059 -0.1970
2.0083 -0.1912
2.0107 -0.1854
2.0131 -0.1797
2.0154 -0.1739
2.0178 -0.1681
2.0202 -0.1623
2.0225 -0.1566
2.0249 -0.1508
2.0273 -0.1450
2.0294 -0.1391
2.0313 -0.1332
2.0332 -0.1272
2.0350 -0.1213
2.0369 -0.1153
2.0388 -0.1094
2.0406 -0.1034
2.0425 -0.0975
2.0444 -0.0915
2.0463 -0.0855
2.0481 -0.0796
2.0500 -0.0736
2.0519 -0.0677
2.0537 -0.0617
2.0556 -0.0558
2.0575 -0.0498
2.0594 -0.0439
2.0607 -0.0378
2.0621 -0.0317
2.0634 -0.0256
2.0648 -0.0195
2.0661 -0.0134
2.0675 -0.0073
2.0689 -0.0012
2.0702 0.0049
2.0716 0.0110
2.0729 0.0171
2.0743 0.0232
2.0756 0.0293
2.0770 0.0354
2.0784 0.0414
2.0797 0.0475
2.0811 0.0536
2.0821 0.0598
2.0830 0.0660
2.0838 0.0721
2.0846 0.0783
2.0855 0.0845
2.0863 0.0907
2.0871 0.0969
2.0880 0.1031
2.0888 0.1093
2.0896 0.1155
2.0905 0.1216
2.0913 0.1278
2.0921 0.1340
2.0930 0.1402
2.0938 0.1464
2.0946 0.1526
2.0954 0.1588
2.0958 0.1650
2.0961 0.1712
2.0964 0.1775
2.0967 0.1837
2.0970 0.1899
2.0973 0.1962
2.0976 0.2024
2.0979 0.2086
2.0982 0.2149
2.0985 0.2211
2.0988 0.2274
2.0991 0.2336
2.0994 0.2398
2.0997 0.2461
2.1000 0.2523
2.1003 0.2585
2.1003 0.2648
2.1001 0.2710
2.0998 0.2772
2.0996 0.2835
2.0994 0.2897
2.0991 0.2960
2.0989 0.3022
2.0987 0.3084
2.0985 0.3147
2.0982 0.3209
2.0980 0.3271
2.0978 0.3334
2.0975 0.3396
2.0973 0.3459
2.0971 0.3521
2.0968 0.3583
2.0966 0.3646
2.0958 0.3708
2.0950 0.3770
2.0943 0.3832
2.0935 0.3894
2.0928 0.3956
2.0920 0.4017
2.0912 0.4079
2.0905 0.4141
2.0897 0.4203
2.0890 0.4265
2.0882 0.4327
2.0874 0.4389
2.0867 0.4451
2.0859 0.4513
2.0852 0.4575
2.0844 0.4637
2.0833 0.4698
2.0820 0.4760
2.0807 0.4821
2.0794 0.4882
2.0782 0.4943
2.0769 0.5004
2.0756 0.5065
2.0743 0.5126
2.0730 0.5187
2.0717 0.5248
2.0704 0.5309
2.0692 0.5370
2.0679 0.5432
2.0666 0.5493
2.0653 0.5554
2.0640 0.5615
2.0626 0.5676
2.0608 0.5735
2.0590 0.5795
2.0572 0.5855
2.0554 0.5915
2.0536 0.5975
2.0518 0.6034
2.0500 0.6094
2.0482 0.6154
2.0464 0.6214
2.0446 0.6273
2.0428 0.6333
2.0410 0.6393
2.0392 0.6453
2.0374 0.6512
2.0356 0.6572
2.0338 0.6632
2.0317 0.6691
2.0294 0.6749
2.0271 0.6807
2.0248 0.6865
2.0225 0.6923
2.0202 0.6981
2.0179 0.7039
2.0156 0.7097
2.0132 0.7155
2.0109 0.7213
2.0086 0.7271
2.0063 0.7329
2.0040 0.7387
2.0017 0.7445
1.9994 0.7503
1.9971 0.7561
1.9947 0.7618
1.9919 0.7674
1.9891 0.7730
1.9863 0.7786
1.9836 0.7842
1.9808 0.7898
1.9780 0.7953
1.9752 0.8009
1.9724 0.8065
1.9696 0.8121
1.9668 0.8177
1.9640 0.8233
1.9612 0.8289
1.9585 0.8344
1.9557 0.8400
1.9529 0.8456
1.9501 0.8512
1.9469 0.8566
1.9437 0.8619
1.9404 0.8672
1.9372 0.8726
1.9339 0.8779
1.9307 0.8832
1.9274 0.8885
1.9242 0.8939
1.9209 0.8992
1.9177 0.9045
1.9144 0.9099
1.9111 0.9152
1.9079 0.9205
1.9046 0.9258
1.9014 0.9312
1.8981 0.9365
1.8947 0.9417
1.8911 0.9468
1.8874 0.9518
1.8837 0.9568
1.8800 0.9619
1.8763 0.9669
1.8726 0.9719
1.8689 0.9769
1.8652 0.9820
1.8615 0.9870
1.8578 0.9920
1.8541 0.9971
1.8504 1.0021
1.8467 1.0071
1.8430 1.0122
1.8393 1.0172
1.8356 1.0222
1.8316 1.0270
1.8275 1.0317
1.8234 1.0364
1.8193 1.0411
1.8151 1.0458
1.8110 1.0505
1.8069 1.0552
1.8028 1.0599
1.7987 1.0646
1.7946 1.0693
1.7905 1.0740
1.7864 1.0787
1.7823 1.0834
1.7781 1.0881
1.7740 1.0928
1.7699 1.0975
1.7657 1.1020
1.7612 1.1064
1.7567 1.1107
1.7522 1.1150
1.7477 1.1194
1.7432 1.1237
1.7387 1.1280
1.7342 1.1324
1.7297 1.1367
1.7252 1.1410
1.7207 1.1453
1.7162 1.1497
1.7117 1.1540
1.7072 1.1583
1.7028 1.1627
1.6983 1.1670
1.6938 1.1713
1.6890 1.1753
1.6841 1.1793
1.6793 1.1832
1.6744 1.1871
1.6696 1.1911
1.6647 1.1950
1.6599 1.1989
1.6550 1.2029
1.6502 1.2068
1.6453 1.2107
1.6405 1.2147
1.6356 1.2186
1.6308 1.2225
1.6260 1.2265
1.6211 1.2304
1.6163 1.2343
1.6113 1.2381
1.6061 1.2416
1.6010 1.2451
1.5958 1.2486
1.5906 1.2521
1.5855 1.2557
1.5803 1.2592
1.5752 1.2627
1.5700 1.2662
1.5648 1.2697
1.5597 1.2732
1.5545 1.2767
1.5493 1.2802
1.5442 1.2837
1.5390 1.2872
1.5338 1.2907
1.5287 1.2942
1.5233 1.2974
1.5178 1.3004
1.5124 1.3035
1.5069 1.3065
1.5015 1.3096
1.4960 1.3126
1.4906 1.3157
1.4852 1.3187
1.4797 1.3218
1.4743 1.3248
1.4688 1.3279
1.4634 1.3310
1.4579 1.3340
1.4525 1.3371
1.4471 1.3401
1.4416 1.3432
1.4361 1.3461
1.4304 1.3486
1.4247 1.3512
1.4190 1.3538
1.4133 1.3564
1.4077 1.3590
1.4020 1.3615
1.3963 1.3641
1.3906 1.3667
1.3849 1.3693
1.3792 1.3719
1.3736 1.3745
1.3679 1.3770
1.3622 1.3796
1.3565 1.3822
1.3508 1.3848
1.3451 1.3874
1.3393 1.3895
1.3334 1.3916
1.3275 1.3937
1.3216 1.3958
1.3158 1.3979
1.3099 1.4000
1.3040 1.4021
1.2981 1.4041
1.2922 1.4062
1.2863 1.4083
1.2805 1.4104
1.2746 1.4125
1.2687 1.4146
1.2628 1.4167
1.2569 1.4188
1.2510 1.4209
1.2451 1.4228
1.2391 1.4243
1.2330 1.4259
1.2270 1.4275
1.2210 1.4291
1.2149 1.4307
1.2089 1.4322
1.2028 1.4338
1.1968 1.4354
1.1908 1.4370
1.1847 1.4386
1.1787 1.4402
1.1726 1.4417
1.1666 1.4433
1.1606 1.4449
1.1545 1.4465
1.1485 1.4481
1.1424 1.4496
1.1362 1.4497
1.1300 1.4497
1.1237 1.4498
1.1175 1.4498
1.1113 1.4498
1.1050 1.4499
1.0988 1.4499
1.0925 1.4499
1.0863 1.4500
1.0801 1.4500
1.0738 1.4501
1.0676 1.4501
1.0614 1.4501
1.0551 1.4502
1.0489 1.4502
1.0426 1.4502
1.0364 1.4503
1.0302 1.4503
1.0239 1.4504
1.0177 1.4504
1.0115 1.4504
1.0052 1.4505
0.9990 1.4505
0.9927 1.4505
0.9865 1.4506
0.9803 1.4506
0.9740 1.4507
0.9678 1.4507
0.9615 1.4507
0.9553 1.4508
0.9491 1.4508
0.9428 1.4508
0.9366 1.4509
0.9304 1.4509
0.9241 1.4509
0.9179 1.4510
0.9116 1.4510
0.9054 1.4511
0.8992 1.4511
0.8929 1.4511
0.8867 1.4512
0.8805 1.4512
0.8742 1.4512
0.8680 1.4513
0.8617 1.4513
0.8555 1.4514
0.8493 1.4514
0.8430 1.4514
0.8368 1.4515
0.8306 1.4515
0.8243 1.4515
0.8181 1.4516
0.8118 1.4516
0.8056 1.4517
0.7994 1.4517
0.7931 1.4517
0.7869 1.4518
0.7807 1.4518
0.7744 1.4518
0.7682 1.4519
0.7619 1.4519
0.7557 1.4519
0.7495 1.4520
0.7432 1.4520
0.7370 1.4521
0.7307 1.4521
0.7245 1.4521
0.7183 1.4522
0.7120 1.4522
0.7058 1.4522
0.6996 1.4523
0.6933 1.4523
0.6871 1.4524
0.6808 1.4524
0.6746 1.4524
0.6684 1.4525
0.6621 1.4525
0.6559 1.4525
0.6497 1.4526
0.6434 1.4526
0.6372 1.4527
0.6309 1.4527
0.6247 1.4527
0.6185 1.4528
0.6122 1.4528
0.6060 1.4528
0.5998 1.4529
0.5935 1.4529
0.5873 1.4529
0.5810 1.4530
0.5748 1.4530
0.5686 1.4531
0.5623 1.4531
0.5561 1.4531
0.5499 1.4532
0.5436 1.4532
0.5374 1.4532
0.5311 1.4533
0.5249 1.4533
0.5187 1.4534
0.5124 1.4534
0.5062 1.4534
0.4999 1.4535
0.4937 1.4535
0.4875 1.4535
0.4812 1.4536
0.4750 1.4536
0.4688 1.4537
0.4625 1.4537
0.4563 1.4537
0.4500 1.4538
0.4438 1.4538
0.4376 1.4538
0.4313 1.4539
0.4251 1.4539
0.4189 1.4539
0.4126 1.4540
0.4064 1.4540
0.4001 1.4541
0.3939 1.4541
0.3877 1.4541
0.3814 1.4542
0.3752 1.4542
0.3690 1.4542
0.3627 1.4543
0.3565 1.4543
0.3502 1.4544
0.3440 1.4544
0.3378 1.4544
0.3315 1.4545
0.3253 1.4545
0.3191 1.4545
0.3128 1.4546
0.3066 1.4546
0.3003 1.4547
0.2941 1.4547
0.2879 1.4547
0.2816 1.4548
0.2754 1.4548
0.2691 1.4548
0.2629 1.4549
0.2567 1.4549
0.2504 1.4549
0.2442 1.4550
0.2380 1.4550
0.2317 1.4551
0.2255 1.4551
0.2192 1.4551
0.2130 1.4552
0.2068 1.4552
0.2005 1.4552
0.1943 1.4553
0.1881 1.4553
0.1818 1.4554
0.1756 1.4554
0.1693 1.4554
0.1631 1.4555
0.1569 1.4555
0.1506 1.4555
0.1444 1.4556
0.1382 1.4556
0.1319 1.4557
0.1257 1.4557
0.1194 1.4557
0.1132 1.4558
0.1070 1.4558
0.1007 1.4558
0.0945 1.4559
0.0883 1.4559
0.0820 1.4560
0.0758 1.4560
0.0695 1.4560
0.0633 1.4561
0.0571 1.4561
0.0508 1.4561
0.0446 1.4562
0.0383 1.4562
0.0321 1.4562
0.0259 1.4563
0.0196 1.4563
0.0134 1.4564
0.0072 1.4564
0.0009 1.4564
-0.0053 1.4565
-0.0116 1.4565
-0.0178 1.4565
-0.0240 1.4566
-0.0303 1.4566
-0.0365 1.4567
-0.0427 1.4567
-0.0490 1.4567
-0.0552 1.4568
-0.0615 1.4568
-0.0677 1.4568
-0.0739 1.4569
-0.0802 1.4569
-0.0864 1.4570
-0.0926 1.4570
-0.0989 1.4570
-0.1051 1.4571
-0.1114 1.4571
-0.1176 1.4571
-0.1238 1.4572
-0.1301 1.4572
-0.1363 1.4572
-0.1426 1.4573
-0.1488 1.4573
-0.1550 1.4574
-0.1613 1.4574
-0.1675 1.4574
-0.1737 1.4575
-0.1800 1.4575
-0.1862 1.4575
-0.1925 1.4576
-0.1987 1.4576
-0.2049 1.4577
-0.2112 1.4577
-0.2174 1.4577
-0.2236 1.4578
-0.2299 1.4578
-0.2361 1.4578
-0.2424 1.4579
-0.2486 1.4579
-0.2548 1.4580
-0.2611 1.4580
-0.2673 1.4580
-0.2735 1.4581
-0.2798 1.4581
-0.2860 1.4581
-0.2923 1.4582
-0.2985 1.4582
-0.3047 1.4582
-0.3110 1.4583
-0.3172 1.4583
-0.3234 1.4584
-0.3297 1.4584
-0.3359 1.4584
-0.3422 1.4585
-0.3484 1.4585
-0.3546 1.4585
-0.3609 1.4586
-0.3671 1.4586
-0.3734 1.4587
-0.3796 1.4587
-0.3858 1.4587
-0.3921 1.4588
-0.3983 1.4588
-0.4045 1.4588
-0.4108 1.4589
-0.4170 1.4589
-0.4233 1.4590
-0.4295 1.4590
-0.4357 1.4590
-0.4420 1.4591
-0.4482 1.4591
-0.4544 1.4591
-0.4607 1.4592
-0.4669 1.4592
-0.4732 1.4592
-0.4794 1.4593
-0.4856 1.4593
-0.4919 1.4594
-0.4981 1.4594
-0.5043 1.4594
-0.5106 1.4595
-0.5168 1.4595
-0.5231 1.4595
-0.5293 1.4596
-0.5355 1.4596
-0.5418 1.4597
-0.5480 1.4597
-0.5542 1.4597
-0.5605 1.4598
-0.5666 1.4585
-0.5727 1.4573
-0.5789 1.4561
-0.5850 1.4549
-0.5911 1.4537
-0.5973 1.4524
-0.6034 1.4512
-0.6095 1.4500
-0.6156 1.4488
-0.6218 1.4475
-0.6279 1.4463
-0.6340 1.4451
-0.6401 1.4439
-0.6463 1.4427
-0.6524 1.4414
-0.6585 1.4402
-0.6647 1.4390
-0.6707 1.4373
-0.6767 1.4355
-0.6827 1.4338
-0.6887 1.4321
-0.6947 1.4303
-0.7007 1.4286
-0.7067 1.4269
-0.7127 1.4251
-0.7187 1.4234
-0.7247 1.4216
-0.7307 1.4199
-0.7367 1.4182
-0.7427 1.4164
-0.7487 1.4147
-0.7547 1.4130
-0.7607 1.4112
-0.7666 1.4092
-0.7724 1.4070
-0.7783 1.4048
-0.7841 1.4025
-0.7899 1.4003
-0.7958 1.3980
-0.8016 1.3958
-0.8074 1.3936
-0.8133 1.3913
-0.8191 1.3891
-0.8249 1.3868
-0.8308 1.3846
-0.8366 1.3823
-0.8424 1.3801
-0.8483 1.3779
-0.8541 1.3756
-0.8599 1.3734
-0.8655 1.3707
-0.8712 1.3679
-0.8768 1.3652
-0.8824 1.3625
-0.8880 1.3597
-0.8936 1.3570
-0.8993 1.3543
-0.9049 1.3516
-0.9105 1.3488
-0.9161 1.3461
-0.9218 1.3434
-0.9274 1.3406
-0.9330 1.3379
-0.9386 1.3352
-0.9442 1.3325
-0.9499 1.3297
-0.9553 1.3268
-0.9607 1.3236
-0.9661 1.3204
-0.9715 1.3172
-0.9768 1.3140
-0.9822 1.3108
-0.9876 1.3076
-0.9929 1.3044
-0.9983 1.3012
-1.0037 1.2980
-1.0090 1.2948
-1.0144 1.2916
-1.0198 1.2884
-1.0251 1.2852
-1.0305 1.2820
-1.0359 1.2788
-1.0412 1.2756
-1.0463 1.2720
-1.0514 1.2683
-1.0565 1.2647
-1.0616 1.2611
-1.0666 1.2574
-1.0717 1.2538
-1.0768 1.2501
-1.0819 1.2465
-1.0869 1.2428
-1.0920 1.2392
-1.0971 1.2356
-1.1022 1.2319
-1.1072 1.2283
-1.1123 1.2246
-1.1174 1.2210
-1.1225 1.2174
-1.1274 1.2135
-1.1321 1.2094
-1.1369 1.2054
-1.1416 1.2013
-1.1464 1.1973
-1.1511 1.1932
-1.1559 1.1891
-1.1606 1.1851
-1.1654 1.1810
-1.1701 1.1770
-1.1749 1.1729
-1.1796 1.1688
-1.1844 1.1648
-1.1891 1.1607
-1.1939 1.1567
-1.1986 1.1526
-1.2033 1.1485
-1.2077 1.1441
-1.2121 1.1396
-1.2165 1.1352
-1.2209 1.1307
-1.2253 1.1263
-1.2297 1.1218
-1.2341 1.1174
-1.2384 1.1129
-1.2428 1.1085
-1.2472 1.1040
-1.2516 1.0996
-1.2560 1.0951
-1.2604 1.0907
-1.2648 1.0862
-1.2692 1.0818
-1.2735 1.0773
-1.2777 1.0727
-1.2817 1.0679
-1.2857 1.0631
-1.2897 1.0583
-1.2937 1.0535
-1.2977 1.0486
-1.3017 1.0438
-1.3056 1.0390
-1.3096 1.0342
-1.3136 1.0294
-1.3176 1.0246
-1.3216 1.0198
-1.3256 1.0150
-1.3296 1.0102
-1.3336 1.0054
-1.3376 1.0006
-1.3415 0.9957
-1.3451 0.9906
-1.3487 0.9855
-1.3522 0.9804
-1.3558 0.9752
-1.3594 0.9701
-1.3629 0.9650
-1.3665 0.9598
-1.3701 0.9547
-1.3737 0.9496
-1.3772 0.9445
-1.3808 0.9393
-1.3844 0.9342
-1.3879 0.9291
-1.3915 0.9240
-1.3951 0.9188
-1.3986 0.9137
-1.4019 0.9084
-1.4050 0.9030
-1.4082 0.8976
-1.4113 0.8921
-1.4144 0.8867
-1.4175 0.8813
-1.4206 0.8759
-1.4238 0.8705
-1.4269 0.8651
-1.4300 0.8597
-1.4331 0.8542
-1.4362 0.8488
-1.4394 0.8434
-1.4425 0.8380
-1.4456 0.8326
-1.4487 0.8272
-1.4517 0.8217
-1.4544 0.8161
-1.4570 0.8104
-1.4597 0.8047
-1.4623 0.7991
-1.4650 0.7934
-1.4676 0.7878
-1.4703 0.7821
-1.4729 0.7764
-1.4756 0.7708
-1.4782 0.7651
-1.4809 0.7595
-1.4835 0.7538
-1.4862 0.7482
-1.4888 0.7425
-1.4915 0.7368
-1.4941 0.7312
-1.4964 0.7254
-1.4986 0.7195
-1.5007 0.7136
-1.5029 0.7078
-1.5050 0.7019
-1.5072 0.6960
-1.5093 0.6902
-1.5115 0.6843
-1.5137 0.6785
-1.5158 0.6726
-1.5180 0.6667
-1.5201 0.6609
-1.5223 0.6550
-1.5244 0.6491
-1.5266 0.6433
-1.5287 0.6374
-1.5308 0.6315
-1.5324 0.6255
-1.5341 0.6194
-1.5357 0.6134
-1.5374 0.6074
-1.5390 0.6014
-1.5407 0.5953
-1.5423 0.5893
-1.5440 0.5833
-1.5456 0.5773
-1.5473 0.5712
-1.5489 0.5652
-1.5506 0.5592
-1.5522 0.5532
-1.5539 0.5471
-1.5555 0.5411
-1.5572 0.5351
-1.5584 0.5289
-1.5595 0.5228
-1.5606 0.5167
-1.5618 0.5105
-1.5629 0.5044
-1.5640 0.4982
-1.5652 0.4921
-1.5663 0.4859
-1.5674 0.4798
-1.5686 0.4736
-1.5697 0.4675
-1.5708 0.4614
-1.5719 0.4552
-1.5731 0.4491
-1.5742 0.4429
-1.5753 0.4368
-1.5763 0.4306
-1.5769 0.4244
-1.5775 0.4182
-1.5781 0.4119
-1.5787 0.4057
-1.5793 0.3995
-1.5799 0.3933
-1.5805 0.3871
-1.5811 0.3809
-1.5817 0.3746
-1.5823 0.3684
-1.5829 0.3622
-1.5835 0.3560
-1.5841 0.3498
-1.5847 0.3435
-1.5853 0.3373
-1.5859 0.3311
-1.5860 0.3249
-1.5861 0.3186
-1.5862 0.3124
-1.5862 0.3061
-1.5863 0.2999
-1.5864 0.2936
-1.5865 0.2874
-1.5865 0.2811
-1.5866 0.2749
-1.5867 0.2686
-1.5867 0.2624
-1.5868 0.2561
-1.5869 0.2499
-1.5869 0.2436
-1.5870 0.2374
-1.5871 0.2311
-1.5869 0.2249
-1.5865 0.2187
-1.5860 0.2124
-1.5855 0.2062
-1.5851 0.2000
-1.5846 0.1937
-1.5841 0.1875
-1.5837 0.1813
-1.5832 0.1751
-1.5828 0.1688
-1.5823 0.1626
-1.5818 0.1564
-1.5814 0.1501
-1.5809 0.1439
-1.5804 0.1377
-1.5800 0.1314
-1.5795 0.1252
-1.5785 0.1190
-1.5776 0.1129
-1.5766 0.1067
-1.5756 0.1005
-1.5746 0.0944
-1.5736 0.0882
-1.5726 0.0820
-1.5716 0.0759
-1.5706 0.0697
-1.5696 0.0635
-1.5686 0.0573
-1.5676 0.0512
-1.5666 0.0450
-1.5656 0.0388
-1.5647 0.0327
-1.5637 0.0265
-1.5624 0.0204
-1.5609 0.0143
-1.5594 0.0083
-1.5579 0.0022
-1.5563 -0.0039
-1.5548 -0.0099
-1.5533 -0.0160
-1.5518 -0.0220
-1.5503 -0.0281
-1.5488 -0.0342
-1.5473 -0.0402
-1.5457 -0.0463
-1.5442 -0.0524
-1.5427 -0.0584
-1.5412 -0.0645
-1.5397 -0.0705
-1.5381 -0.0766
-1.5361 -0.0825
-1.5341 -0.0884
-1.5321 -0.0943
-1.5301 -0.1002
-1.5280 -0.1061
-1.5260 -0.1121
-1.5240 -0.1180
-1.5220 -0.1239
-1.5199 -0.1298
-1.5179 -0.1357
-1.5159 -0.1416
-1.5139 -0.1475
-1.5118 -0.1534
-1.5098 -0.1593
-1.5078 -0.1653
-1.5058 -0.1712
-1.5034 -0.1770
-1.5009 -0.1827
-1.4984 -0.1884
-1.4959 -0.1941
-1.4933 -0.1998
-1.4908 -0.2055
-1.4883 -0.2113
-1.4858 -0.2170
-1.4833 -0.2227
-1.4807 -0.2284
-1.4782 -0.2341
-1.4757 -0.2398
-1.4732 -0.2456
-1.4707 -0.2513
-1.4681 -0.2570
-1.4656 -0.2627
-1.4630 -0.2684
-1.4600 -0.2739
-1.4570 -0.2794
-1.4540 -0.2848
-1.4510 -0.2903
-1.4480 -0.2958
-1.4450 -0.3013
-1.4420 -0.3068
-1.4390 -0.3122
-1.4360 -0.3177
-1.4330 -0.3232
-1.4300 -0.3287
-1.4270 -0.3342
-1.4240 -0.3397
-1.4211 -0.3451
-1.4181 -0.3506
-1.4151 -0.3561
-1.4117 -0.3614
-1.4083 -0.3666
-1.4048 -0.3718
-1.4014 -0.3770
-1.3979 -0.3822
-1.3945 -0.3874
-1.3910 -0.3926
-1.3876 -0.3978
-1.3841 -0.4030
-1.3807 -0.4083
-1.3772 -0.4135
-1.3737 -0.4187
-1.3703 -0.4239
-1.3668 -0.4291
-1.3634 -0.4343
-1.3599 -0.4395
-1.3564 -0.4446
-1.3525 -0.4495
-1.3486 -0.4544
-1.3447 -0.4593
-1.3408 -0.4642
-1.3370 -0.4691
-1.3331 -0.4740
-1.3292 -0.4789
-1.3253 -0.4838
-1.3214 -0.4887
-1.3175 -0.4936
-1.3137 -0.4985
-1.3098 -0.5034
-1.3059 -0.5082
-1.3020 -0.5131
-1.2981 -0.5180
-1.2942 -0.5229
-1.2900 -0.5276
-1.2858 -0.5321
-1.2815 -0.5366
-1.2772 -0.5412
-1.2729 -0.5457
-1.2686 -0.5503
-1.2643 -0.5548
-1.2600 -0.5594
-1.2557 -0.5639
-1.2515 -0.5685
-1.2472 -0.5730
-1.2429 -0.5776
-1.2386 -0.5821
-1.2343 -0.5866
-1.2300 -0.5912
-1.2257 -0.5957
-1.2213 -0.6002
-1.2167 -0.6043
-1.2120 -0.6085
-1.2074 -0.6127
-1.2027 -0.6168
-1.1981 -0.6210
-1.1934 -0.6252
-1.1887 -0.6293
-1.1841 -0.6335
-1.1794 -0.6376
-1.1748 -0.6418
-1.1701 -0.6460
-1.1654 -0.6501
-1.1608 -0.6543
-1.1561 -0.6585
-1.1515 -0.6626
-1.1468 -0.6668
-1.1419 -0.6706
-1.1369 -0.6744
-1.1319 -0.6781
-1.1269 -0.6819
-1.1219 -0.6856
-1.1169 -0.6894
-1.1119 -0.6931
-1.1069 -0.6969
-1.1019 -0.7007
-1.0969 -0.7044
-1.0919 -0.7082
-1.0869 -0.7119
-1.0819 -0.7157
-1.0769 -0.7194
-1.0719 -0.7232
-1.0669 -0.7269
-1.0619 -0.7305
-1.0566 -0.7338
-1.0513 -0.7372
-1.0460 -0.7405
-1.0407 -0.7438
-1.0354 -0.7471
-1.0301 -0.7504
-1.0248 -0.7537
-1.0195 -0.7570
-1.0142 -0.7604
-1.0089 -0.7637
-1.0036 -0.7670
-0.9983 -0.7703
-0.9930 -0.7736
-0.9877 -0.7769
-0.9824 -0.7802
-0.9771 -0.7836
-0.9716 -0.7865
-0.9660 -0.7893
-0.9605 -0.7922
-0.9549 -0.7950
-0.9494 -0.7979
-0.9438 -0.8007
-0.9382 -0.8036
-0.9327 -0.8064
-0.9271 -0.8093
-0.9216 -0.8122
-0.9160 -0.8150
-0.9104 -0.8179
-0.9049 -0.8207
-0.8993 -0.8236
-0.8938 -0.8264
-0.8882 -0.8293
-0.8826 -0.8319
-0.8768 -0.8343
-0.8710 -0.8367
-0.8652 -0.8390
-0.8594 -0.8414
-0.8537 -0.8438
-0.8479 -0.8462
-0.8421 -0.8485
-0.8363 -0.8509
-0.8305 -0.8533
-0.8248 -0.8556
-0.8190 -0.8580
-0.8132 -0.8604
-0.8074 -0.8627
-0.8016 -0.8651
-0.7958 -0.8675
-0.7901 -0.8699
-0.7841 -0.8718
-0.7782 -0.8736
-0.7722 -0.8755
-0.7662 -0.8774
-0.7603 -0.8793
-0.7543 -0.8811
-0.7484 -0.8830
-0.7424 -0.8849
-0.7364 -0.8867
-0.7305 -0.8886
-0.7245 -0.8905
-0.7185 -0.8923
-0.7126 -0.8942
-0.7066 -0.8961
-0.7007 -0.8980
-0.6947 -0.8998
-0.6887 -0.9015
-0.6826 -0.9028
-0.6765 -0.9041
-0.6704 -0.9054
-0.6642 -0.9067
-0.6581 -0.9080
-0.6520 -0.9094
-0.6459 -0.9107
-0.6398 -0.9120
-0.6337 -0.9133
-0.6276 -0.9146
-0.6215 -0.9159
-0.6154 -0.9172
-0.6093 -0.9185
-0.6032 -0.9198
-0.5970 -0.9211
-0.5909 -0.9225
-0.5848 -0.9238
-0.5786 -0.9238
-0.5724 -0.9238
-0.5661 -0.9239
-0.5599 -0.9239
-0.5536 -0.9239
-0.5474 -0.9240
-0.5412 -0.9240
-0.5349 -0.9240
-0.5287 -0.9240
-0.5224 -0.9241
-0.5162 -0.9241
-0.5100 -0.9241
-0.5037 -0.9242
-0.4975 -0.9242
-0.4913 -0.9242
-0.4850 -0.9243
-0.4788 -0.9243
-0.4725 -0.9243
-0.4663 -0.9243
-0.4601 -0.9244
-0.4538 -0.9244
-0.4476 -0.9244
-0.4413 -0.9245
-0.4351 -0.9245
-0.4289 -0.9245
-0.4226 -0.9246
-0.4164 -0.9246
-0.4101 -0.9246
-0.4039 -0.9247
-0.3977 -0.9247
-0.3914 -0.9247
-0.3852 -0.9247
-0.3790 -0.9248
-0.3727 -0.9248
-0.3665 -0.9248
-0.3602 -0.9249
-0.3540 -0.9249
-0.3478 -0.9249
-0.3415 -0.9250
-0.3353 -0.9250
-0.3290 -0.9250
-0.3228 -0.9250
-0.3166 -0.9251
-0.3103 -0.9251
-0.3041 -0.9251
-0.2979 -0.9252
-0.2916 -0.9252
-0.2854 -0.9252
-0.2791 -0.9253
-0.2729 -0.9253
-0.2667 -0.9253
-0.2604 -0.9253
-0.2542 -0.9254
-0.2479 -0.9254
-0.2417 -0.9254
-0.2355 -0.9255
-0.2292 -0.9255
-0.2230 -0.9255
-0.2168 -0.9256
-0.2105 -0.9256
-0.2043 -0.9256
-0.1980 -0.9257
-0.1918 -0.9257
-0.1856 -0.9257
-0.1793 -0.9257
-0.1731 -0.9258
-0.1668 -0.9258
-0.1606 -0.9258
-0.1544 -0.9259
-0.1481 -0.9259
-0.1419 -0.9259
-0.1357 -0.9260
-0.1294 -0.9260
-0.1232 -0.9260
-0.1169 -0.9260
-0.1107 -0.9261
-0.1045 -0.9261
-0.0982 -0.9261
-0.0920 -0.9262
-0.0857 -0.9262
-0.0795 -0.9262
-0.0733 -0.9263
-0.0670 -0.9263
-0.0608 -0.9263
-0.0546 -0.9263
-0.0483 -0.9264
-0.0421 -0.9264
-0.0358 -0.9264
-0.0296 -0.9265
-0.0234 -0.9265
-0.0171 -0.9265
-0.0109 -0.9266
-0.0046 -0.9266
0.0016 -0.9266
0.0078 -0.9267
0.0141 -0.9267
0.0203 -0.9267
0.0266 -0.9267
0.0328 -0.9268
0.0390 -0.9268
0.0453 -0.9268
0.0515 -0.9269
0.0577 -0.9269
0.0640 -0.9269
0.0702 -0.9270
0.0765 -0.9270
0.0827 -0.9270
0.0889 -0.9270
0.0952 -0.9271
0.1014 -0.9271
0.1077 -0.9271
0.1139 -0.9272
0.1201 -0.9272
0.1264 -0.9272
0.1326 -0.9273
0.1388 -0.9273
0.1451 -0.9273
0.1513 -0.9274
0.1576 -0.9274
0.1638 -0.9274
0.1700 -0.9274
0.1763 -0.9275
0.1825 -0.9275
0.1888 -0.9275
0.1950 -0.9276
0.2012 -0.9276
0.2075 -0.9276
0.2137 -0.9277
0.2199 -0.9277
0.2262 -0.9277
0.2324 -0.9277
0.2387 -0.9278
0.2449 -0.9278
0.2511 -0.9278
0.2574 -0.9279
0.2636 -0.9279
0.2699 -0.9279
0.2761 -0.9280
0.2823 -0.9280
0.2886 -0.9280
0.2948 -0.9280
0.3010 -0.9281
0.3073 -0.9281
0.3135 -0.9281
0.3198 -0.9282
0.3260 -0.9282
0.3322 -0.9282
0.3385 -0.9283
0.3447 -0.9283
0.3510 -0.9283
0.3572 -0.9284
0.3634 -0.9284
0.3697 -0.9284
0.3759 -0.9284
0.3821 -0.9285
0.3884 -0.9285
0.3946 -0.9285
0.4009 -0.9286
0.4071 -0.9286
0.4133 -0.9286
0.4196 -0.9287
0.4258 -0.9287
0.4321 -0.9287
0.4383 -0.9287
0.4445 -0.9288
0.4508 -0.9288
0.4570 -0.9288
0.4633 -0.9289
0.4695 -0.9289
0.4757 -0.9289
0.4820 -0.9290
0.4882 -0.9290
0.4944 -0.9290
0.5007 -0.9291
0.5069 -0.9291
0.5132 -0.9291
0.5194 -0.9291
0.5256 -0.9292
0.5319 -0.9292
0.5381 -0.9292
0.5444 -0.9293
0.5506 -0.9293
0.5568 -0.9293
0.5631 -0.9294
0.5693 -0.9294
0.5755 -0.9294
0.5818 -0.9294
0.5880 -0.9295
0.5943 -0.9295
0.6005 -0.9295
0.6067 -0.9296
0.6130 -0.9296
0.6192 -0.9296
0.6255 -0.9297
0.6317 -0.9297
0.6379 -0.9297
0.6442 -0.9297
0.6504 -0.9298
0.6566 -0.9298
0.6629 -0.9298
0.6691 -0.9299
0.6754 -0.9299
0.6816 -0.9299
0.6878 -0.9300
0.6941 -0.9300
0.7003 -0.9300
0.7066 -0.9301
0.7128 -0.9301
0.7190 -0.9301
0.7253 -0.9301
0.7315 -0.9302
0.7377 -0.9302
0.7440 -0.9302
0.7502 -0.9303
0.7565 -0.9303
0.7627 -0.9303
0.7689 -0.9304
0.7752 -0.9304
0.7814 -0.9304
0.7877 -0.9304
0.7939 -0.9305
0.8001 -0.9305
0.8064 -0.9305
0.8126 -0.9306
0.8188 -0.9306
0.8251 -0.9306
0.8313 -0.9307
0.8376 -0.9307
0.8438 -0.9307
0.8500 -0.9307
0.8563 -0.9308
0.8625 -0.9308
0.8688 -0.9308
0.8750 -0.9309
0.8812 -0.9309
0.8875 -0.9309
0.8937 -0.9310
0.9000 -0.9310
0.9062 -0.9310
0.9124 -0.9311
0.9187 -0.9311
0.9249 -0.9311
0.9311 -0.9311
0.9374 -0.9312
0.9436 -0.9312
0.9499 -0.9312
0.9561 -0.9313
0.9623 -0.9313
0.9686 -0.9313
0.9748 -0.9314
0.9811 -0.9314
0.9873 -0.9314
0.9935 -0.9314
0.9998 -0.9315
1.0060 -0.9315
1.0122 -0.9315
1.0185 -0.9316