1.1749 1.6998
1.1686 1.6998
1.1624 1.6999
1.1561 1.6999
1.1499 1.6999
1.1437 1.7000
1.1374 1.7000
1.1312 1.7000
1.1249 1.7001
1.1187 1.7001
1.1125 1.7001
1.1062 1.7002
1.1000 1.7002
1.0937 1.7002
1.0875 1.7003
1.0813 1.7003
1.0750 1.7004
1.0688 1.7004
1.0625 1.7004
1.0563 1.7005
1.0500 1.7005
1.0438 1.7005
1.0376 1.7006
1.0313 1.7006
1.0251 1.7006
1.0188 1.7007
1.0126 1.7007
1.0064 1.7008
1.0001 1.7008
0.9939 1.7008
0.9876 1.7009
0.9814 1.7009
0.9752 1.7009
0.9689 1.7010
0.9627 1.7010
0.9564 1.7010
0.9502 1.7011
0.9439 1.7011
0.9377 1.7011
0.9315 1.7012
0.9252 1.7012
0.9190 1.7013
0.9127 1.7013
0.9065 1.7013
0.9003 1.7014
0.8940 1.7014
0.8878 1.7014
0.8815 1.7015
0.8753 1.7015
0.8690 1.7015
0.8628 1.7016
0.8566 1.7016
0.8503 1.7017
0.8441 1.7017
0.8378 1.7017
0.8316 1.7018
0.8254 1.7018
0.8191 1.7018
0.8129 1.7019
0.8066 1.7019
0.8004 1.7019
0.7942 1.7020
0.7879 1.7020
0.7817 1.7020
0.7754 1.7021
0.7692 1.7021
0.7629 1.7022
0.7567 1.7022
0.7505 1.7022
0.7442 1.7023
0.7380 1.7023
0.7317 1.7023
0.7255 1.7024
0.7193 1.7024
0.7130 1.7024
0.7068 1.7025
0.7005 1.7025
0.6943 1.7026
0.6881 1.7026
0.6818 1.7026
0.6756 1.7027
0.6693 1.7027
0.6631 1.7027
0.6568 1.7028
0.6506 1.7028
0.6444 1.7028
0.6381 1.7029
0.6319 1.7029
0.6256 1.7029
0.6194 1.7030
0.6132 1.7030
0.6069 1.7031
0.6007 1.7031
0.5944 1.7031
0.5882 1.7032
0.5819 1.7032
0.5757 1.7032
0.5695 1.7033
0.5632 1.7033
0.5570 1.7033
0.5507 1.7034
0.5445 1.7034
0.5383 1.7034
0.5320 1.7035
0.5258 1.7035
0.5195 1.7036
0.5133 1.7036
0.5071 1.7036
0.5008 1.7037
0.4946 1.7037
0.4883 1.7037
0.4821 1.7038
0.4758 1.7038
0.4696 1.7038
0.4634 1.7039
0.4571 1.7039
0.4509 1.7040
0.4446 1.7040
0.4384 1.7040
0.4322 1.7041
0.4259 1.7041
0.4197 1.7041
0.4134 1.7042
0.4072 1.7042
0.4010 1.7042
0.3947 1.7043
0.3885 1.7043
0.3822 1.7043
0.3760 1.7044
0.3697 1.7044
0.3635 1.7045
0.3573 1.7045
0.3510 1.7045
0.3448 1.7046
0.3385 1.7046
0.3323 1.7046
0.3261 1.7047
0.3198 1.7047
0.3136 1.7047
0.3073 1.7048
0.3011 1.7048
0.2948 1.7049
0.2886 1.7049
0.2824 1.7049
0.2761 1.7050
0.2699 1.7050
0.2636 1.7050
0.2574 1.7051
0.2512 1.7051
0.2449 1.7051
0.2387 1.7052
0.2324 1.7052
0.2262 1.7052
0.2200 1.7053
0.2137 1.7053
0.2075 1.7054
0.2012 1.7054
0.1950 1.7054
0.1887 1.7055
0.1825 1.7055
0.1763 1.7055
0.1700 1.7056
0.1638 1.7056
0.1575 1.7056
0.1513 1.7057
0.1451 1.7057
0.1388 1.7058
0.1326 1.7058
0.1263 1.7058
0.1201 1.7059
0.1139 1.7059
0.1076 1.7059
0.1014 1.7060
0.0951 1.7060
0.0889 1.7060
0.0826 1.7061
0.0764 1.7061
0.0702 1.7061
0.0639 1.7062
0.0577 1.7062
0.0514 1.7063
0.0452 1.7063
0.0390 1.7063
0.0327 1.7064
0.0265 1.7064
0.0202 1.7064
0.0140 1.7065
0.0077 1.7065
0.0015 1.7065
-0.0047 1.7066
-0.0110 1.7066
-0.0172 1.7067
-0.0235 1.7067
-0.0297 1.7067
-0.0359 1.7068
-0.0422 1.7068
-0.0484 1.7068
-0.0547 1.7069
-0.0609 1.7069
-0.0671 1.7069
-0.0734 1.7070
-0.0796 1.7070
-0.0859 1.7070
-0.0921 1.7071
-0.0984 1.7071
-0.1046 1.7072
-0.1108 1.7072
-0.1171 1.7072
-0.1233 1.7073
-0.1296 1.7073
-0.1358 1.7073
-0.1420 1.7074
-0.1483 1.7074
-0.1545 1.7074
-0.1608 1.7075
-0.1670 1.7075
-0.1732 1.7076
-0.1795 1.7076
-0.1857 1.7076
-0.1920 1.7077
-0.1982 1.7077
-0.2045 1.7077
-0.2107 1.7078
-0.2169 1.7078
-0.2232 1.7078
-0.2294 1.7079
-0.2357 1.7079
-0.2419 1.7079
-0.2481 1.7080
-0.2544 1.7080
-0.2606 1.7081
-0.2669 1.7081
-0.2731 1.7081
-0.2794 1.7082
-0.2856 1.7082
-0.2918 1.7082
-0.2981 1.7083
-0.3043 1.7083
-0.3106 1.7083
-0.3168 1.7084
-0.3230 1.7084
-0.3293 1.7085
-0.3355 1.7085
-0.3418 1.7085
-0.3480 1.7086
-0.3542 1.7086
-0.3605 1.7086
-0.3667 1.7087
-0.3730 1.7087
-0.3792 1.7087
-0.3855 1.7088
-0.3917 1.7088
-0.3979 1.7088
-0.4042 1.7089
-0.4104 1.7089
-0.4167 1.7090
-0.4229 1.7090
-0.4291 1.7090
-0.4354 1.7091
-0.4416 1.7091
-0.4479 1.7091
-0.4541 1.7092
-0.4603 1.7092
-0.4666 1.7092
-0.4728 1.7093
-0.4791 1.7093
-0.4853 1.7094
-0.4916 1.7094
-0.4978 1.7094
-0.5040 1.7095
-0.5103 1.7095
-0.5165 1.7095
-0.5228 1.7096
-0.5290 1.7096
-0.5352 1.7096
-0.5415 1.7097
-0.5477 1.7097
-0.5540 1.7097
-0.5602 1.7098
-0.5665 1.7098
-0.5727 1.7099
-0.5789 1.7099
-0.5852 1.7099
-0.5913 1.7087
-0.5974 1.7075
-0.6036 1.7063
-0.6097 1.7050
-0.6158 1.7038
-0.6219 1.7026
-0.6281 1.7014
-0.6342 1.7002
-0.6403 1.6989
-0.6464 1.6977
-0.6526 1.6965
-0.6587 1.6953
-0.6648 1.6940
-0.6709 1.6928
-0.6771 1.6916
-0.6832 1.6904
-0.6893 1.6892
-0.6954 1.6879
-0.7016 1.6867
-0.7077 1.6855
-0.7138 1.6843
-0.7199 1.6830
-0.7260 1.6817
-0.7320 1.6800
-0.7380 1.6782
-0.7440 1.6765
-0.7500 1.6747
-0.7560 1.6730
-0.7620 1.6713
-0.7680 1.6695
-0.7740 1.6678
-0.7800 1.6661
-0.7860 1.6643
-0.7920 1.6626
-0.7980 1.6608
-0.8040 1.6591
-0.8100 1.6574
-0.8160 1.6556
-0.8220 1.6539
-0.8280 1.6522
-0.8340 1.6504
-0.8400 1.6487
-0.8460 1.6468
-0.8518 1.6445
-0.8576 1.6423
-0.8635 1.6401
-0.8693 1.6378
-0.8751 1.6356
-0.8809 1.6333
-0.8868 1.6311
-0.8926 1.6288
-0.8984 1.6266
-0.9043 1.6244
-0.9101 1.6221
-0.9159 1.6199
-0.9218 1.6176
-0.9276 1.6154
-0.9334 1.6132
-0.9393 1.6109
-0.9451 1.6087
-0.9509 1.6064
-0.9567 1.6042
-0.9625 1.6017
-0.9681 1.5990
-0.9737 1.5963
-0.9793 1.5936
-0.9850 1.5908
-0.9906 1.5881
-0.9962 1.5854
-1.0018 1.5826
-1.0074 1.5799
-1.0131 1.5772
-1.0187 1.5745
-1.0243 1.5717
-1.0299 1.5690
-1.0355 1.5663
-1.0411 1.5636
-1.0468 1.5608
-1.0524 1.5581
-1.0580 1.5554
-1.0636 1.5526
-1.0692 1.5499
-1.0747 1.5469
-1.0801 1.5437
-1.0855 1.5405
-1.0908 1.5373
-1.0962 1.5342
-1.1016 1.5310
-1.1069 1.5278
-1.1123 1.5246
-1.1177 1.5214
-1.1230 1.5182
-1.1284 1.5150
-1.1338 1.5118
-1.1391 1.5086
-1.1445 1.5054
-1.1499 1.5022
-1.1552 1.4990
-1.1606 1.4958
-1.1660 1.4926
-1.1713 1.4894
-1.1767 1.4862
-1.1819 1.4827
-1.1870 1.4791
-1.1920 1.4755
-1.1971 1.4718
-1.2022 1.4682
-1.2073 1.4645
-1.2123 1.4609
-1.2174 1.4573
-1.2225 1.4536
-1.2276 1.4500
-1.2326 1.4463
-1.2377 1.4427
-1.2428 1.4391
-1.2479 1.4354
-1.2529 1.4318
-1.2580 1.4281
-1.2631 1.4245
-1.2682 1.4209
-1.2732 1.4172
-1.2783 1.4136
-1.2832 1.4096
-1.2879 1.4056
-1.2927 1.4015
-1.2974 1.3975
-1.3022 1.3934
-1.3069 1.3893
-1.3116 1.3853
-1.3164 1.3812
-1.3211 1.3772
-1.3259 1.3731
-1.3306 1.3691
-1.3354 1.3650
-1.3401 1.3609
-1.3449 1.3569
-1.3496 1.3528
-1.3544 1.3488
-1.3591 1.3447
-1.3639 1.3406
-1.3686 1.3366
-1.3734 1.3325
-1.3778 1.3281
-1.3822 1.3237
-1.3866 1.3192
-1.3910 1.3148
-1.3954 1.3104
-1.3997 1.3059
-1.4041 1.3015
-1.4085 1.2970
-1.4129 1.2926
-1.4173 1.2881
-1.4217 1.2837
-1.4261 1.2792
-1.4304 1.2748
-1.4348 1.2703
-1.4392 1.2659
-1.4436 1.2614
-1.4480 1.2570
-1.4524 1.2525
-1.4568 1.2481
-1.4612 1.2436
-1.4652 1.2389
-1.4692 1.2341
-1.4731 1.2292
-1.4771 1.2244
-1.4811 1.2196
-1.4851 1.2148
-1.4891 1.2100
-1.4931 1.2052
-1.4971 1.2004
-1.5011 1.1956
-1.5051 1.1908
-1.5091 1.1860
-1.5131 1.1812
-1.5171 1.1764
-1.5210 1.1716
-1.5250 1.1668
-1.5290 1.1620
-1.5330 1.1572
-1.5370 1.1524
-1.5410 1.1476
-1.5445 1.1424
-1.5481 1.1373
-1.5517 1.1322
-1.5553 1.1270
-1.5588 1.1219
-1.5624 1.1168
-1.5660 1.1117
-1.5695 1.1065
-1.5731 1.1014
-1.5767 1.0963
-1.5802 1.0912
-1.5838 1.0860
-1.5874 1.0809
-1.5909 1.0758
-1.5945 1.0707
-1.5981 1.0655
-1.6016 1.0604
-1.6052 1.0553
-1.6088 1.0502
-1.6123 1.0450
-1.6154 1.0396
-1.6185 1.0342
-1.6216 1.0287
-1.6247 1.0233
-1.6279 1.0179
-1.6310 1.0125
-1.6341 1.0071
-1.6372 1.0017
-1.6403 0.9963
-1.6435 0.9909
-1.6466 0.9854
-1.6497 0.9800
-1.6528 0.9746
-1.6559 0.9692
-1.6591 0.9638
-1.6622 0.9584
-1.6653 0.9530
-1.6684 0.9476
-1.6715 0.9422
-1.6745 0.9367
-1.6772 0.9310
-1.6798 0.9254
-1.6825 0.9197
-1.6851 0.9140
-1.6878 0.9084
-1.6904 0.9027
-1.6930 0.8971
-1.6957 0.8914
-1.6983 0.8858
-1.7010 0.8801
-1.7036 0.8744
-1.7063 0.8688
-1.7089 0.8631
-1.7116 0.8575
-1.7142 0.8518
-1.7169 0.8462
-1.7195 0.8405
-1.7222 0.8348
-1.7248 0.8292
-1.7273 0.8234
-1.7294 0.8176
-1.7316 0.8117
-1.7337 0.8059
-1.7359 0.8000
-1.7380 0.7941
-1.7402 0.7883
-1.7424 0.7824
-1.7445 0.7765
-1.7467 0.7707
-1.7488 0.7648
-1.7510 0.7590
-1.7531 0.7531
-1.7553 0.7472
-1.7574 0.7414
-1.7596 0.7355
-1.7618 0.7296
-1.7639 0.7238
-1.7661 0.7179
-1.7682 0.7121
-1.7701 0.7061
-1.7718 0.7001
-1.7734 0.6941
-1.7751 0.6880
-1.7767 0.6820
-1.7784 0.6760
-1.7800 0.6700
-1.7817 0.6639
-1.7833 0.6579
-1.7849 0.6519
-1.7866 0.6459
-1.7882 0.6398
-1.7899 0.6338
-1.7915 0.6278
-1.7932 0.6218
-1.7948 0.6157
-1.7965 0.6097
-1.7981 0.6037
-1.7998 0.5977
-1.8014 0.5916
-1.8027 0.5855
-1.8039 0.5794
-1.8050 0.5732
-1.8061 0.5671
-1.8073 0.5610
-1.8084 0.5548
-1.8095 0.5487
-1.8107 0.5425
-1.8118 0.5364
-1.8129 0.5302
-1.8140 0.5241
-1.8152 0.5180
-1.8163 0.5118
-1.8174 0.5057
-1.8186 0.4995
-1.8197 0.4934
-1.8208 0.4872
-1.8219 0.4811
-1.8231 0.4750
-1.8242 0.4688
-1.8249 0.4626
-1.8255 0.4564
-1.8261 0.4502
-1.8267 0.4440
-1.8273 0.4377
-1.8279 0.4315
-1.8285 0.4253
-1.8291 0.4191
-1.8297 0.4129
-1.8303 0.4067
-1.8309 0.4004
-1.8316 0.3942
-1.8322 0.3880
-1.8328 0.3818
-1.8334 0.3756
-1.8340 0.3694
-1.8346 0.3631
-1.8352 0.3569
-1.8358 0.3507
-1.8364 0.3445
-1.8365 0.3382
-1.8366 0.3320
-1.8366 0.3258
-1.8367 0.3195
-1.8368 0.3133
-1.8368 0.3070
-1.8369 0.3008
-1.8370 0.2945
-1.8371 0.2883
-1.8371 0.2820
-1.8372 0.2758
-1.8373 0.2695
-1.8373 0.2633
-1.8374 0.2570
-1.8375 0.2508
-1.8375 0.2446
-1.8376 0.2383
-1.8377 0.2321
-1.8378 0.2258
-1.8378 0.2196
-1.8373 0.2133
-1.8369 0.2071
-1.8364 0.2009
-1.8360 0.1947
-1.8355 0.1884
-1.8350 0.1822
-1.8346 0.1760
-1.8341 0.1697
-1.8336 0.1635
-1.8332 0.1573
-1.8327 0.1511
-1.8323 0.1448
-1.8318 0.1386
-1.8313 0.1324
-1.8309 0.1261
-1.8304 0.1199
-1.8299 0.1137
-1.8295 0.1075
-1.8290 0.1012
-1.8285 0.0950
-1.8275 0.0888
-1.8265 0.0827
-1.8255 0.0765
-1.8245 0.0703
-1.8235 0.0642
-1.8225 0.0580
-1.8215 0.0518
-1.8205 0.0457
-1.8196 0.0395
-1.8186 0.0333
-1.8176 0.0272
-1.8166 0.0210
-1.8156 0.0148
-1.8146 0.0087
-1.8136 0.0025
-1.8126 -0.0037
-1.8116 -0.0098
-1.8106 -0.0160
-1.8096 -0.0222
-1.8085 -0.0283
-1.8070 -0.0344
-1.8055 -0.0404
-1.8040 -0.0465
-1.8025 -0.0525
-1.8009 -0.0586
-1.7994 -0.0647
-1.7979 -0.0707
-1.7964 -0.0768
-1.7949 -0.0828
-1.7934 -0.0889
-1.7919 -0.0950
-1.7903 -0.1010
-1.7888 -0.1071
-1.7873 -0.1132
-1.7858 -0.1192
-1.7843 -0.1253
-1.7828 -0.1313
-1.7813 -0.1374
-1.7798 -0.1435
-1.7780 -0.1495
-1.7760 -0.1554
-1.7740 -0.1613
-1.7720 -0.1672
-1.7699 -0.1731
-1.7679 -0.1790
-1.7659 -0.1849
-1.7639 -0.1908
-1.7618 -0.1967
-1.7598 -0.2026
-1.7578 -0.2085
-1.7558 -0.2145
-1.7537 -0.2204
-1.7517 -0.2263
-1.7497 -0.2322
-1.7477 -0.2381
-1.7457 -0.2440
-1.7436 -0.2499
-1.7416 -0.2558
-1.7396 -0.2617
-1.7373 -0.2675
-1.7348 -0.2732
-1.7323 -0.2790
-1.7297 -0.2847
-1.7272 -0.2904
-1.7247 -0.2961
-1.7222 -0.3018
-1.7197 -0.3075
-1.7171 -0.3133
-1.7146 -0.3190
-1.7121 -0.3247
-1.7096 -0.3304
-1.7071 -0.3361
-1.7045 -0.3418
-1.7020 -0.3475
-1.6995 -0.3533
-1.6970 -0.3590
-1.6945 -0.3647
-1.6919 -0.3704
-1.6894 -0.3761
-1.6866 -0.3817
-1.6836 -0.3872
-1.6806 -0.3926
-1.6776 -0.3981
-1.6746 -0.4036
-1.6716 -0.4091
-1.6686 -0.4146
-1.6656 -0.4200
-1.6626 -0.4255
-1.6596 -0.4310
-1.6566 -0.4365
-1.6536 -0.4420
-1.6506 -0.4474
-1.6476 -0.4529
-1.6446 -0.4584
-1.6416 -0.4639
-1.6386 -0.4694
-1.6356 -0.4748
-1.6326 -0.4803
-1.6296 -0.4858
-1.6263 -0.4911
-1.6228 -0.4963
-1.6194 -0.5015
-1.6159 -0.5067
-1.6125 -0.5119
-1.6090 -0.5171
-1.6056 -0.5223
-1.6021 -0.5275
-1.5987 -0.5327
-1.5952 -0.5379
-1.5918 -0.5431
-1.5883 -0.5483
-1.5849 -0.5535
-1.5814 -0.5587
-1.5779 -0.5639
-1.5745 -0.5691
-1.5710 -0.5744
-1.5676 -0.5796
-1.5641 -0.5848
-1.5607 -0.5900
-1.5569 -0.5949
-1.5530 -0.5998
-1.5491 -0.6047
-1.5452 -0.6096
-1.5413 -0.6145
-1.5374 -0.6194
-1.5335 -0.6243
-1.5297 -0.6291
-1.5258 -0.6340
-1.5219 -0.6389
-1.5180 -0.6438
-1.5141 -0.6487
-1.5102 -0.6536
-1.5064 -0.6585
-1.5025 -0.6634
-1.4986 -0.6683
-1.4947 -0.6732
-1.4908 -0.6781
-1.4869 -0.6830
-1.4831 -0.6878
-1.4788 -0.6924
-1.4745 -0.6969
-1.4702 -0.7015
-1.4659 -0.7060
-1.4616 -0.7106
-1.4574 -0.7151
-1.4531 -0.7197
-1.4488 -0.7242
-1.4445 -0.7287
-1.4402 -0.7333
-1.4359 -0.7378
-1.4316 -0.7424
-1.4273 -0.7469
-1.4231 -0.7515
-1.4188 -0.7560
-1.4145 -0.7606
-1.4102 -0.7651
-1.4059 -0.7696
-1.4016 -0.7742
-1.3973 -0.7787
-1.3927 -0.7829
-1.3880 -0.7870
-1.3833 -0.7912
-1.3787 -0.7953
-1.3740 -0.7995
-1.3694 -0.8037
-1.3647 -0.8078
-1.3601 -0.8120
-1.3554 -0.8162
-1.3507 -0.8203
-1.3461 -0.8245
-1.3414 -0.8286
-1.3368 -0.8328
-1.3321 -0.8370
-1.3275 -0.8411
-1.3228 -0.8453
-1.3181 -0.8495
-1.3135 -0.8536
-1.3088 -0.8578
-1.3041 -0.8619
-1.2991 -0.8656
-1.2941 -0.8694
-1.2891 -0.8731
-1.2841 -0.8769
-1.2791 -0.8806
-1.2741 -0.8844
-1.2691 -0.8881
-1.2642 -0.8919
-1.2592 -0.8956
-1.2542 -0.8994
-1.2492 -0.9031
-1.2442 -0.9069
-1.2392 -0.9106
-1.2342 -0.9144
-1.2292 -0.9181
-1.2242 -0.9219
-1.2192 -0.9256
-1.2142 -0.9294
-1.2092 -0.9331
-1.2041 -0.9368
-1.1988 -0.9401
-1.1935 -0.9434
-1.1882 -0.9467
-1.1829 -0.9500
-1.1777 -0.9533
-1.1724 -0.9566
-1.1671 -0.9600
-1.1618 -0.9633
-1.1565 -0.9666
-1.1512 -0.9699
-1.1459 -0.9732
-1.1406 -0.9765
-1.1353 -0.9798
-1.1300 -0.9831
-1.1247 -0.9865
-1.1194 -0.9898
-1.1141 -0.9931
-1.1088 -0.9964
-1.1035 -0.9997
-1.0981 -1.0028
-1.0926 -1.0057
-1.0870 -1.0085
-1.0815 -1.0114
-1.0759 -1.0142
-1.0703 -1.0171
-1.0648 -1.0199
-1.0592 -1.0228
-1.0537 -1.0256
-1.0481 -1.0285
-1.0425 -1.0313
-1.0370 -1.0342
-1.0314 -1.0371
-1.0259 -1.0399
-1.0203 -1.0428
-1.0148 -1.0456
-1.0092 -1.0485
-1.0036 -1.0513
-0.9981 -1.0542
-0.9925 -1.0570
-0.9869 -1.0596
-0.9811 -1.0620
-0.9753 -1.0644
-0.9695 -1.0667
-0.9637 -1.0691
-0.9580 -1.0715
-0.9522 -1.0738
-0.9464 -1.0762
-0.9406 -1.0786
-0.9348 -1.0809
-0.9291 -1.0833
-0.9233 -1.0857
-0.9175 -1.0880
-0.9117 -1.0904
-0.9059 -1.0928
-0.9002 -1.0952
-0.8944 -1.0975
-0.8886 -1.0999
-0.8828 -1.1023
-0.8771 -1.1046
-0.8712 -1.1067
-0.8652 -1.1086
-0.8592 -1.1104
-0.8533 -1.1123
-0.8473 -1.1142
-0.8414 -1.1160
-0.8354 -1.1179
-0.8294 -1.1198
-0.8235 -1.1216
-0.8175 -1.1235
-0.8116 -1.1254
-0.8056 -1.1273
-0.7996 -1.1291
-0.7937 -1.1310
-0.7877 -1.1329
-0.7818 -1.1347
-0.7758 -1.1366
-0.7698 -1.1385
-0.7639 -1.1403
-0.7579 -1.1422
-0.7519 -1.1438
-0.7458 -1.1451
-0.7397 -1.1464
-0.7336 -1.1477
-0.7275 -1.1490
-0.7214 -1.1503
-0.7152 -1.1517
-0.7091 -1.1530
-0.7030 -1.1543
-0.6969 -1.1556
-0.6908 -1.1569
-0.6847 -1.1582
-0.6786 -1.1595
-0.6725 -1.1608
-0.6664 -1.1621
-0.6603 -1.1635
-0.6542 -1.1648
-0.6481 -1.1661
-0.6420 -1.1674
-0.6359 -1.1687
-0.6297 -1.1700
-0.6236 -1.1713
-0.6175 -1.1726
-0.6114 -1.1739
-0.6052 -1.1740
-0.5989 -1.1740
-0.5927 -1.1740
-0.5864 -1.1741
-0.5802 -1.1741
-0.5739 -1.1741
-0.5677 -1.1741
-0.5615 -1.1742
-0.5552 -1.1742
-0.5490 -1.1742
-0.5427 -1.1743
-0.5365 -1.1743
-0.5302 -1.1743
-0.5240 -1.1743
-0.5177 -1.1744
-0.5115 -1.1744
-0.5052 -1.1744
-0.4990 -1.1745
-0.4928 -1.1745
-0.4865 -1.1745
-0.4803 -1.1746
-0.4740 -1.1746
-0.4678 -1.1746
-0.4615 -1.1746
-0.4553 -1.1747
-0.4490 -1.1747
-0.4428 -1.1747
-0.4365 -1.1748
-0.4303 -1.1748
-0.4241 -1.1748
-0.4178 -1.1749
-0.4116 -1.1749
-0.4053 -1.1749
-0.3991 -1.1749
-0.3928 -1.1750
-0.3866 -1.1750
-0.3803 -1.1750
-0.3741 -1.1751
-0.3678 -1.1751
-0.3616 -1.1751
-0.3554 -1.1751
-0.3491 -1.1752
-0.3429 -1.1752
-0.3366 -1.1752
-0.3304 -1.1753
-0.3241 -1.1753
-0.3179 -1.1753
-0.3116 -1.1754
-0.3054 -1.1754
-0.2991 -1.1754
-0.2929 -1.1754
-0.2867 -1.1755
-0.2804 -1.1755
-0.2742 -1.1755
-0.2679 -1.1756
-0.2617 -1.1756
-0.2554 -1.1756
-0.2492 -1.1756
-0.2429 -1.1757
-0.2367 -1.1757
-0.2304 -1.1757
-0.2242 -1.1758
-0.2180 -1.1758
-0.2117 -1.1758
-0.2055 -1.1759
-0.1992 -1.1759
-0.1930 -1.1759
-0.1867 -1.1759
-0.1805 -1.1760
-0.1742 -1.1760
-0.1680 -1.1760
-0.1617 -1.1761
-0.1555 -1.1761
-0.1492 -1.1761
-0.1430 -1.1761
-0.1368 -1.1762
-0.1305 -1.1762
-0.1243 -1.1762
-0.1180 -1.1763
-0.1118 -1.1763
-0.1055 -1.1763
-0.0993 -1.1764
-0.0930 -1.1764
-0.0868 -1.1764
-0.0805 -1.1764
-0.0743 -1.1765
-0.0681 -1.1765
-0.0618 -1.1765
-0.0556 -1.1766
-0.0493 -1.1766
-0.0431 -1.1766
-0.0368 -1.1766
-0.0306 -1.1767
-0.0243 -1.1767
-0.0181 -1.1767
-0.0118 -1.1768
-0.0056 -1.1768
0.0006 -1.1768
0.0069 -1.1769
0.0131 -1.1769
0.0194 -1.1769
0.0256 -1.1769
0.0319 -1.1770
0.0381 -1.1770
0.0444 -1.1770
0.0506 -1.1771
0.0569 -1.1771
0.0631 -1.1771
0.0693 -1.1771
0.0756 -1.1772
0.0818 -1.1772
0.0881 -1.1772
0.0943 -1.1773
0.1006 -1.1773
0.1068 -1.1773
0.1131 -1.1774
0.1193 -1.1774
0.1256 -1.1774
0.1318 -1.1774
0.1380 -1.1775
0.1443 -1.1775
0.1505 -1.1775
0.1568 -1.1776
0.1630 -1.1776
0.1693 -1.1776
0.1755 -1.1776
0.1818 -1.1777
0.1880 -1.1777
0.1943 -1.1777
0.2005 -1.1778
0.2067 -1.1778
0.2130 -1.1778
0.2192 -1.1779
0.2255 -1.1779
0.2317 -1.1779
0.2380 -1.1779
0.2442 -1.1780
0.2505 -1.1780
0.2567 -1.1780
0.2630 -1.1781
0.2692 -1.1781
0.2755 -1.1781
0.2817 -1.1781
0.2879 -1.1782
0.2942 -1.1782
0.3004 -1.1782
0.3067 -1.1783
0.3129 -1.1783
0.3192 -1.1783
0.3254 -1.1784
0.3317 -1.1784
0.3379 -1.1784
0.3442 -1.1784
0.3504 -1.1785
0.3566 -1.1785
0.3629 -1.1785
0.3691 -1.1786
0.3754 -1.1786
0.3816 -1.1786
0.3879 -1.1786
0.3941 -1.1787
0.4004 -1.1787
0.4066 -1.1787
0.4129 -1.1788
0.4191 -1.1788
0.4253 -1.1788
0.4316 -1.1789
0.4378 -1.1789
0.4441 -1.1789
0.4503 -1.1789
0.4566 -1.1790
0.4628 -1.1790
0.4691 -1.1790
0.4753 -1.1791
0.4816 -1.1791
0.4878 -1.1791
0.4940 -1.1791
0.5003 -1.1792
0.5065 -1.1792
0.5128 -1.1792
0.5190 -1.1793
0.5253 -1.1793
0.5315 -1.1793
0.5378 -1.1794
0.5440 -1.1794
0.5503 -1.1794
0.5565 -1.1794
0.5627 -1.1795
0.5690 -1.1795
0.5752 -1.1795
0.5815 -1.1796
0.5877 -1.1796
0.5940 -1.1796
0.6002 -1.1796
0.6065 -1.1797
0.6127 -1.1797
0.6190 -1.1797
0.6252 -1.1798
0.6314 -1.1798
0.6377 -1.1798
0.6439 -1.1799
0.6502 -1.1799
0.6564 -1.1799
0.6627 -1.1799
0.6689 -1.1800
0.6752 -1.1800
0.6814 -1.1800
0.6877 -1.1801
0.6939 -1.1801
0.7002 -1.1801
0.7064 -1.1801
0.7126 -1.1802
0.7189 -1.1802
0.7251 -1.1802
0.7314 -1.1803
0.7376 -1.1803
0.7439 -1.1803
0.7501 -1.1804
0.7564 -1.1804
0.7626 -1.1804
0.7689 -1.1804
0.7751 -1.1805
0.7813 -1.1805
0.7876 -1.1805
0.7938 -1.1806
0.8001 -1.1806
0.8063 -1.1806
0.8126 -1.1807
0.8188 -1.1807
0.8251 -1.1807
0.8313 -1.1807
0.8376 -1.1808
0.8438 -1.1808
0.8500 -1.1808
0.8563 -1.1809
0.8625 -1.1809
0.8688 -1.1809
0.8750 -1.1809
0.8813 -1.1810
0.8875 -1.1810
0.8938 -1.1810
0.9000 -1.1811
0.9063 -1.1811
0.9125 -1.1811
0.9187 -1.1812
0.9250 -1.1812
0.9312 -1.1812
0.9375 -1.1812
0.9437 -1.1813
0.9500 -1.1813
0.9562 -1.1813
0.9625 -1.1814
0.9687 -1.1814
0.9750 -1.1814
0.9812 -1.1814
0.9874 -1.1815
0.9937 -1.1815
0.9999 -1.1815
1.0062 -1.1816
1.0124 -1.1816
1.0187 -1.1816
1.0249 -1.1817
1.0312 -1.1817
1.0374 -1.1817
1.0437 -1.1817
1.0498 -1.1808
1.0560 -1.1799
1.0622 -1.1789
1.0683 -1.1780
1.0745 -1.1771
1.0807 -1.1761
1.0869 -1.1752
1.0930 -1.1743
1.0992 -1.1733
1.1054 -1.1724
1.1115 -1.1715
1.1177 -1.1705
1.1239 -1.1696
1.1301 -1.1687
1.1362 -1.1677
1.1424 -1.1668
1.1486 -1.1659
1.1547 -1.1649
1.1609 -1.1640
1.1671 -1.1630
1.1733 -1.1621
1.1794 -1.1612
1.1855 -1.1600
1.1916 -1.1585
1.1977 -1.1569
1.2037 -1.1554
1.2098 -1.1539
1.2158 -1.1524
1.2219 -1.1509
1.2279 -1.1494
1.2340 -1.1479
1.2400 -1.1464
1.2461 -1.1449
1.2522 -1.1433
1.2582 -1.1418
1.2643 -1.1403
1.2703 -1.1388
1.2764 -1.1373
1.2824 -1.1358
1.2885 -1.1343
1.2945 -1.1328
1.3006 -1.1312
1.3066 -1.1296
1.3125 -1.1275
1.3184 -1.1255
1.3243 -1.1235
1.3302 -1.1215
1.3361 -1.1195
1.3420 -1.1174
1.3479 -1.1154
1.3539 -1.1134
1.3598 -1.1114
1.3657 -1.1094
1.3716 -1.1073
1.3775 -1.1053
1.3834 -1.1033
1.3893 -1.1013
1.3952 -1.0993
1.4011 -1.0972
1.4070 -1.0952
1.4129 -1.0932
1.4188 -1.0912
1.4246 -1.0890
1.4304 -1.0864
1.4361 -1.0839
1.4418 -1.0814
1.4475 -1.0789
1.4532 -1.0764
1.4589 -1.0739
1.4646 -1.0714
1.4703 -1.0688
1.4761 -1.0663
1.4818 -1.0638
1.4875 -1.0613
1.4932 -1.0588
1.4989 -1.0563
1.5046 -1.0538
1.5103 -1.0512
1.5160 -1.0487
1.5218 -1.0462
1.5275 -1.0437
1.5332 -1.0412
1.5388 -1.0384
1.5443 -1.0354
1.5497 -1.0325
1.5552 -1.0295
1.5607 -1.0265
1.5662 -1.0235
1.5717 -1.0205
1.5771 -1.0175
1.5826 -1.0145
1.5881 -1.0115
1.5936 -1.0085
1.5990 -1.0055
1.6045 -1.0025
1.6100 -0.9996
1.6155 -0.9966
1.6210 -0.9936
1.6264 -0.9906
1.6319 -0.9876
1.6374 -0.9846
1.6429 -0.9816
1.6482 -0.9784
1.6534 -0.9749
1.6586 -0.9715
1.6638 -0.9680
1.6690 -0.9646
1.6742 -0.9611
1.6794 -0.9577
1.6846 -0.9542
1.6898 -0.9508
1.6950 -0.9473
1.7002 -0.9439
1.7054 -0.9405
1.7106 -0.9370
1.7158 -0.9336
1.7211 -0.9301
1.7263 -0.9267
1.7315 -0.9232
1.7367 -0.9198
1.7419 -0.9163
1.7471 -0.9129
1.7521 -0.9092
1.7570 -0.9053
1.7619 -0.9014
1.7668 -0.8975
1.7716 -0.8937
1.7765 -0.8898
1.7814 -0.8859
1.7863 -0.8820
1.7912 -0.8782
1.7961 -0.8743
1.8010 -0.8704
1.8059 -0.8665
1.8108 -0.8627
1.8157 -0.8588
1.8206 -0.8549
1.8255 -0.8510
1.8304 -0.8472
1.8353 -0.8433
1.8401 -0.8394
1.8450 -0.8355
1.8497 -0.8314
1.8542 -0.8271
1.8588 -0.8228
1.8633 -0.8185
1.8679 -0.8142
1.8724 -0.8100
1.8769 -0.8057
1.8815 -0.8014
1.8860 -0.7971
1.8906 -0.7929
1.8951 -0.7886
1.8997 -0.7843
1.9042 -0.7800
1.9088 -0.7757
1.9133 -0.7715
1.9179 -0.7672
1.9224 -0.7629
1.9269 -0.7586
1.9315 -0.7544
1.9360 -0.7501
1.9403 -0.7455
1.9444 -0.7408
1.9486 -0.7362
1.9528 -0.7315
1.9569 -0.7269
1.9611 -0.7222
1.9653 -0.7176
1.9694 -0.7130
1.9736 -0.7083
1.9777 -0.7037
1.9819 -0.6990
1.9861 -0.6944
1.9902 -0.6897
1.9944 -0.6851
1.9986 -0.6804
2.0027 -0.6758
2.0069 -0.6711
2.0111 -0.6665
2.0152 -0.6618
2.0194 -0.6572
2.0232 -0.6522
2.0269 -0.6472
2.0307 -0.6422
2.0344 -0.6372
2.0382 -0.6323
2.0420 -0.6273
2.0457 -0.6223
2.0495 -0.6173
2.0532 -0.6123
2.0570 -0.6073
2.0607 -0.6023
2.0645 -0.5974
2.0682 -0.5924
2.0720 -0.5874
2.0757 -0.5824
2.0795 -0.5774
2.0833 -0.5724
2.0870 -0.5674
2.0908 -0.5625
2.0945 -0.5575
2.0978 -0.5522
2.1011 -0.5469
2.1045 -0.5416
2.1078 -0.5363
2.1111 -0.5310
2.1144 -0.5257
2.1177 -0.5205
2.1210 -0.5152
2.1244 -0.5099
2.1277 -0.5046
2.1310 -0.4993
2.1343 -0.4940
2.1376 -0.4887
2.1409 -0.4834
2.1443 -0.4782
2.1476 -0.4729
2.1509 -0.4676
2.1542 -0.4623
2.1575 -0.4570
2.1608 -0.4517
2.1636 -0.4461
2.1665 -0.4406
2.1694 -0.4350
2.1722 -0.4295
2.1751 -0.4239
2.1779 -0.4184
2.1808 -0.4128
2.1836 -0.4073
2.1865 -0.4017
2.1893 -0.3962
2.1922 -0.3906
2.1950 -0.3851
2.1979 -0.3795
2.2008 -0.3740
2.2036 -0.3684
2.2065 -0.3629
2.2093 -0.3573
2.2122 -0.3518
2.2150 -0.3462
2.2178 -0.3406
2.2201 -0.3348
2.2225 -0.3291
2.2249 -0.3233
2.2273 -0.3175
2.2296 -0.3117
2.2320 -0.3060
2.2344 -0.3002
2.2367 -0.2944
2.2391 -0.2887
2.2415 -0.2829
2.2439 -0.2771
2.2462 -0.2713
2.2486 -0.2656
2.2510 -0.2598
2.2533 -0.2540
2.2557 -0.2482
2.2581 -0.2425
2.2605 -0.2367
2.2628 -0.2309
2.2650 -0.2251
2.2669 -0.2191
2.2688 -0.2132
2.2706 -0.2072
2.2725 -0.2013
2.2744 -0.1953
2.2763 -0.1894
2.2781 -0.1834
2.2800 -0.1774
2.2819 -0.1715
2.2837 -0.1655
2.2856 -0.1596
2.2875 -0.1536
2.2894 -0.1477
2.2912 -0.1417
2.2931 -0.1358
2.2950 -0.1298
2.2968 -0.1239
2.2987 -0.1179
2.3006 -0.1119
2.3022 -0.1059
2.3036 -0.0998
2.3049 -0.0938
2.3063 -0.0877
2.3077 -0.0816
2.3090 -0.0755
2.3104 -0.0694
2.3117 -0.0633
2.3131 -0.0572
2.3144 -0.0511
2.3158 -0.0450
2.3172 -0.0389
2.3185 -0.0328
2.3199 -0.0267
2.3212 -0.0206
2.3226 -0.0146
2.3239 -0.0085
2.3253 -0.0024
2.3267 0.0037
2.3280 0.0098
2.3291 0.0160
2.3299 0.0221
2.3308 0.0283
2.3316 0.0345
2.3324 0.0407
2.3333 0.0469
2.3341 0.0531
2.3349 0.0593
2.3358 0.0654
2.3366 0.0716
2.3374 0.0778
2.3383 0.0840
2.3391 0.0902
2.3399 0.0964
2.3408 0.1026
2.3416 0.1087
2.3424 0.1149
2.3433 0.1211
2.3441 0.1273
2.3449 0.1335
2.3454 0.1397
2.3457 0.1459
2.3460 0.1522
2.3463 0.1584
2.3466 0.1646
2.3469 0.1709
2.3472 0.1771
2.3475 0.1833
2.3478 0.1896
2.3481 0.1958
2.3484 0.2021
2.3487 0.2083
2.3490 0.2145
2.3493 0.2208
2.3497 0.2270
2.3500 0.2332
2.3503 0.2395
2.3506 0.2457
2.3509 0.2519
2.3512 0.2582
2.3511 0.2644
2.3508 0.2706
2.3506 0.2769
2.3504 0.2831
2.3501 0.2893
2.3499 0.2956
2.3497 0.3018
2.3495 0.3081
2.3492 0.3143
2.3490 0.3205
2.3488 0.3268
2.3485 0.3330
2.3483 0.3392
2.3481 0.3455
2.3479 0.3517
2.3476 0.3580
2.3474 0.3642
2.3472 0.3704
2.3469 0.3767
2.3467 0.3829
2.3460 0.3891
2.3453 0.3953
2.3445 0.4015
2.3437 0.4077
2.3430 0.4139
2.3422 0.4201
2.3415 0.4263
2.3407 0.4325
2.3399 0.4387
2.3392 0.4449
2.3384 0.4511
2.3377 0.4573
2.3369 0.4635
2.3361 0.4696
2.3354 0.4758
2.3346 0.4820
2.3339 0.4882
2.3331 0.4944
2.3323 0.5006
2.3316 0.5068
2.3303 0.5129
2.3290 0.5190
2.3277 0.5251
2.3264 0.5313
2.3252 0.5374
2.3239 0.5435
2.3226 0.5496
2.3213 0.5557
2.3200 0.5618
2.3187 0.5679
2.3174 0.5740
2.3162 0.5801
2.3149 0.5862
2.3136 0.5923
2.3123 0.5984
2.3110 0.6045
2.3097 0.6107
2.3085 0.6168
2.3072 0.6229
2.3058 0.6290
2.3040 0.6349
2.3022 0.6409
2.3004 0.6469
2.2986 0.6529
2.2968 0.6588
2.2950 0.6648
2.2932 0.6708
2.2914 0.6768
2.2896 0.6828
2.2878 0.6887
2.2860 0.6947
2.2842 0.7007
2.2824 0.7067
2.2806 0.7126
2.2788 0.7186
2.2770 0.7246
2.2752 0.7306
2.2734 0.7365
2.2716 0.7425
2.2697 0.7485
2.2674 0.7543
2.2651 0.7601
2.2628 0.7659
2.2605 0.7717
2.2582 0.7775
2.2559 0.7833
2.2536 0.7891
2.2513 0.7949
2.2490 0.8007
2.2467 0.8065
2.2444 0.8123
2.2421 0.8181
2.2398 0.8239
2.2375 0.8297
2.2352 0.8355
2.2329 0.8413
2.2306 0.8471
2.2283 0.8529
2.2260 0.8587
2.2235 0.8644
2.2207 0.8700
2.2179 0.8756
2.2151 0.8812
2.2123 0.8867
2.2096 0.8923
2.2068 0.8979
2.2040 0.9035
2.2012 0.9091
2.1984 0.9147
2.1956 0.9202
2.1928 0.9258
2.1900 0.9314
2.1872 0.9370
2.1845 0.9426
2.1817 0.9482
2.1789 0.9538
2.1761 0.9593
2.1733 0.9649
2.1705 0.9705
2.1675 0.9760
2.1643 0.9813
2.1610 0.9866
2.1578 0.9920
2.1545 0.9973
2.1513 1.0026
2.1480 1.0079
2.1448 1.0133
2.1415 1.0186
2.1382 1.0239
2.1350 1.0292
2.1317 1.0346
2.1285 1.0399
2.1252 1.0452
2.1220 1.0505
2.1187 1.0559
2.1155 1.0612
2.1122 1.0665
2.1090 1.0719
2.1057 1.0772
2.1022 1.0824
2.0985 1.0874
2.0948 1.0924
2.0911 1.0974
2.0874 1.1025
2.0837 1.1075
2.0800 1.1125
2.0763 1.1176
2.0727 1.1226
2.0690 1.1276
2.0653 1.1326
2.0616 1.1377
2.0579 1.1427
2.0542 1.1477
2.0505 1.1528
2.0468 1.1578
2.0431 1.1628
2.0394 1.1679
2.0357 1.1729
2.0320 1.1779
2.0280 1.1827
2.0239 1.1874
2.0198 1.1921
2.0157 1.1968
2.0116 1.2015
2.0075 1.2062
2.0034 1.2109
1.9993 1.2156
1.9952 1.2203
1.9911 1.2250
1.9869 1.2297
1.9828 1.2344
1.9787 1.2391
1.9746 1.2438
1.9705 1.2485
1.9664 1.2532
1.9623 1.2579
1.9582 1.2626
1.9541 1.2673
1.9499 1.2720
1.9456 1.2764
1.9411 1.2808
1.9366 1.2851
1.9321 1.2894
1.9276 1.2937
1.9231 1.2981
1.9186 1.3024
1.9141 1.3067
1.9096 1.3111
1.9051 1.3154
1.9006 1.3197
1.8961 1.3241
1.8916 1.3284
1.8871 1.3327
1.8826 1.3370
1.8781 1.3414
1.8736 1.3457
1.8691 1.3500
1.8647 1.3544
1.8602 1.3587
1.8554 1.3627
1.8505 1.3666
1.8457 1.3706
1.8408 1.3745
1.8360 1.3784
1.8311 1.3824
1.8263 1.3863
1.8214 1.3902
1.8166 1.3942
1.8118 1.3981
1.8069 1.4020
1.8021 1.4060
1.7972 1.4099
1.7924 1.4138
1.7875 1.4178
1.7827 1.4217
1.7778 1.4256
1.7730 1.4296
1.7681 1.4335
1.7633 1.4374
1.7581 1.4410
1.7530 1.4445
1.7478 1.4480
1.7427 1.4515
1.7375 1.4550
1.7323 1.4585
1.7272 1.4620
1.7220 1.4655
1.7168 1.4690
1.7117 1.4725
1.7065 1.4760
1.7013 1.4795
1.6962 1.4830
1.6910 1.4865
1.6859 1.4901
1.6807 1.4936
1.6755 1.4971
1.6704 1.5006
1.6652 1.5041
1.6600 1.5076
1.6546 1.5106
1.6491 1.5137
1.6437 1.5167
1.6383 1.5198
1.6328 1.5229
1.6274 1.5259
1.6219 1.5290
1.6165 1.5320
1.6110 1.5351
1.6056 1.5381
1.6002 1.5412
1.5947 1.5442
1.5893 1.5473
1.5838 1.5503
1.5784 1.5534
1.5729 1.5565
1.5675 1.5595
1.5621 1.5626
1.5566 1.5656
1.5512 1.5686
1.5455 1.5712
1.5398 1.5738
1.5341 1.5764
1.5284 1.5790
1.5227 1.5815
1.5171 1.5841
1.5114 1.5867
1.5057 1.5893
1.5000 1.5919
1.4943 1.5944
1.4886 1.5970
1.4830 1.5996
1.4773 1.6022
1.4716 1.6048
1.4659 1.6073
1.4602 1.6099
1.4545 1.6125
1.4489 1.6151
1.4432 1.6177
1.4375 1.6202
1.4316 1.6223
1.4257 1.6243
1.4198 1.6264
1.4139 1.6285
1.4080 1.6306
1.4022 1.6327
1.3963 1.6348
1.3904 1.6369
1.3845 1.6390
1.3786 1.6411
1.3728 1.6431
1.3669 1.6452
1.3610 1.6473
1.3551 1.6494
1.3492 1.6515
1.3433 1.6536
1.3375 1.6557
1.3316 1.6578
1.3257 1.6599
1.3198 1.6618
1.3137 1.6634
1.3077 1.6650
1.3017 1.6666
1.2956 1.6681
1.2896 1.6697
1.2836 1.6713
1.2775 1.6729
1.2715 1.6745
1.2654 1.6761
1.2594 1.6776
1.2534 1.6792
1.2473 1.6808
1.2413 1.6824
1.2353 1.6840
1.2292 1.6855
1.2232 1.6871
1.2171 1.6887
1.2111 1.6903
1.2051 1.6919
1.1990 1.6935
1.1930 1.6950
1.1869 1.6966
1.1809 1.6982